# SAPT0 interaction energy decomposition
# Individual components and total interaction energy, in kcal/mol
system	SAPT0_elst	SAPT0_exch	SAPT0_ind	SAPT0_disp	SAPT0_interaction_energy
1.01.01	-0.081	0.151	-0.001	-0.056	0.012
1.02.01	-0.195	0.491	-0.055	-0.384	-0.143
1.02.02	-0.218	0.792	-0.093	-0.583	-0.102
1.02.03	-0.245	0.885	-0.107	-0.686	-0.153
1.02.04	-0.266	0.952	-0.117	-0.769	-0.200
1.02.05	-0.201	0.612	-0.068	-0.417	-0.074
1.02.06	-0.499	1.000	-0.152	-0.654	-0.305
1.02.07	-0.691	1.272	-0.214	-0.680	-0.313
1.02.08	-0.864	1.630	-0.271	-1.132	-0.638
1.02.09	-0.660	1.287	-0.240	-0.827	-0.440
1.02.10	-0.717	1.365	-0.232	-0.894	-0.478
1.02.11	-0.760	1.409	-0.228	-1.165	-0.745
1.02.12	-0.838	1.513	-0.254	-1.283	-0.862
1.02.13	-0.669	1.435	-0.213	-1.405	-0.852
1.02.14	-0.238	0.840	-0.095	-0.668	-0.161
1.02.15	-0.214	0.609	-0.068	-0.549	-0.222
1.02.16	-0.184	0.477	-0.058	-0.378	-0.142
1.02.17	-0.190	0.483	-0.055	-0.383	-0.145
1.02.18	-0.347	0.744	-0.116	-0.498	-0.217
1.03.01	-0.765	1.408	-0.179	-1.029	-0.564
1.03.02	-0.813	1.330	-0.155	-0.792	-0.430
1.03.03	-0.128	0.348	-0.038	-0.229	-0.048
1.03.04	-0.720	1.364	-0.179	-0.736	-0.272
1.04.01	-0.975	1.386	-0.242	-0.836	-0.666
1.05.01	-0.364	1.002	-0.117	-0.860	-0.340
1.05.02	-0.365	0.809	-0.117	-0.661	-0.334
1.05.03	-0.575	1.237	-0.153	-0.847	-0.338
1.05.04	-0.170	0.525	-0.062	-0.339	-0.046
1.06.01	-3.255	8.150	-0.897	-8.425	-4.427
1.06.02	-1.507	3.217	-0.429	-3.205	-1.924
1.06.03	-4.128	8.610	-1.523	-7.362	-4.403
1.06.04	-3.953	9.507	-1.023	-10.111	-5.581
1.06.05	-2.205	4.477	-0.565	-5.173	-3.467
1.06.06	-1.698	4.152	-0.530	-3.682	-1.758
1.06.07	-0.686	2.122	-0.205	-2.000	-0.769
1.06.08	-1.838	4.652	-0.484	-4.814	-2.484
1.06.09	-0.747	1.938	-0.185	-1.771	-0.765
1.06.10	-1.658	4.436	-0.452	-4.229	-1.903
1.06.11	-1.426	3.996	-0.406	-3.955	-1.792
1.06.12	-1.900	5.001	-0.672	-4.591	-2.162
1.06.13	-1.994	4.937	-0.542	-5.023	-2.622
1.06.14	-1.662	4.365	-0.425	-4.039	-1.761
1.06.15	-0.826	2.352	-0.227	-2.244	-0.945
1.06.16	-2.528	4.519	-0.581	-3.799	-2.389
1.06.17	-2.176	3.804	-0.497	-3.132	-2.001
1.06.18	-2.134	5.117	-0.638	-5.617	-3.272
1.06.19	-1.059	2.108	-0.202	-1.616	-0.769
1.06.20	-2.153	4.098	-0.523	-3.668	-2.246
1.06.21	-1.887	5.261	-0.653	-5.426	-2.705
1.06.22	-2.912	6.449	-1.012	-6.686	-4.161
1.06.23	-2.964	3.974	-0.933	-3.513	-3.436
1.06.24	-2.380	2.910	-0.756	-2.698	-2.923
1.06.25	-2.997	5.451	-0.696	-5.880	-4.122
1.06.26	-0.787	1.850	-0.284	-1.587	-0.808
1.06.27	-1.409	3.671	-0.384	-3.669	-1.791
1.06.28	-1.256	3.237	-0.356	-3.121	-1.496
1.06.29	-1.216	3.174	-0.359	-2.628	-1.030
1.06.30	-1.028	3.093	-0.311	-3.291	-1.537
1.06.31	-0.836	2.292	-0.269	-2.052	-0.865
1.06.32	-1.249	3.376	-0.350	-3.375	-1.598
1.06.33	-1.162	2.802	-0.309	-2.229	-0.898
1.06.34	-1.484	3.942	-0.430	-3.649	-1.620
1.06.35	-1.224	3.192	-0.362	-2.740	-1.133
1.06.36	-1.936	3.898	-0.556	-4.246	-2.840
1.06.37	-3.508	7.279	-0.876	-7.422	-4.526
1.06.38	-2.365	5.834	-0.598	-6.926	-4.055
1.06.39	-2.544	6.556	-0.695	-7.214	-3.897
1.06.40	-1.581	4.531	-0.469	-4.964	-2.482
1.06.41	-1.506	5.057	-0.462	-5.292	-2.204
1.06.42	-0.810	2.610	-0.233	-2.667	-1.099
1.06.43	-2.070	5.267	-0.582	-5.859	-3.243
1.06.44	-2.151	5.381	-0.586	-5.652	-3.008
1.06.45	-1.187	3.786	-0.343	-4.125	-1.869
1.06.46	-1.135	3.630	-0.334	-3.764	-1.603
1.06.47	-1.144	3.770	-0.369	-3.680	-1.422
1.06.48	-1.547	4.901	-0.486	-4.945	-2.077
1.06.49	-1.573	4.848	-0.461	-5.078	-2.264
1.06.50	-0.707	2.386	-0.210	-2.301	-0.831
1.06.51	-1.172	3.897	-0.347	-4.098	-1.719
1.06.52	-0.817	3.168	-0.341	-3.120	-1.110
1.06.53	-1.108	3.755	-0.336	-3.962	-1.650
1.06.54	-1.038	3.698	-0.365	-3.781	-1.486
1.06.55	-1.812	4.477	-0.528	-4.630	-2.493
1.06.56	-1.206	4.035	-0.408	-4.029	-1.608
1.06.57	-1.519	3.961	-0.413	-3.986	-1.957
1.06.58	-1.636	3.981	-0.464	-3.615	-1.734
1.06.59	-0.476	1.011	-0.190	-0.915	-0.570
1.06.60	-1.186	2.984	-0.319	-2.849	-1.369
1.06.61	-1.505	5.167	-0.536	-4.886	-1.760
1.06.62	-2.485	4.633	-0.651	-3.888	-2.391
1.06.63	-1.600	3.251	-0.417	-2.798	-1.563
1.06.64	-1.599	2.130	-0.602	-1.543	-1.613
1.07.01	-1.449	3.584	-0.271	-3.887	-2.022
1.07.02	-1.758	4.582	-0.381	-5.322	-2.879
1.07.03	-1.312	3.289	-0.251	-3.457	-1.730
1.07.04	-1.533	3.730	-0.282	-4.134	-2.219
1.07.05	-2.017	5.393	-0.495	-5.887	-3.006
1.07.06	-2.842	3.741	-0.697	-2.478	-2.276
1.07.07	-3.908	5.717	-1.031	-4.597	-3.819
1.07.08	-4.201	7.862	-0.866	-6.801	-4.006
1.07.09	-3.401	5.147	-1.047	-4.041	-3.342
1.07.10	-3.945	6.660	-0.670	-5.626	-3.581
1.07.11	-3.421	5.016	-0.849	-4.141	-3.395
1.07.12	-2.111	2.942	-0.482	-2.289	-1.940
1.07.13	-2.449	3.247	-0.429	-3.132	-2.764
1.07.14	-3.642	5.260	-0.936	-3.858	-3.177
1.07.15	-4.292	6.033	-1.006	-4.589	-3.854
1.07.16	-1.186	2.809	-0.450	-2.249	-1.076
1.07.17	-1.191	2.640	-0.404	-1.915	-0.871
1.07.18	-1.190	2.656	-0.391	-2.242	-1.167
1.07.19	-0.965	2.206	-0.395	-1.596	-0.750
1.07.20	-1.125	2.834	-0.400	-2.503	-1.194
1.07.21	-0.779	1.693	-0.271	-1.304	-0.662
1.07.22	-0.785	2.005	-0.219	-1.838	-0.837
1.07.23	-0.738	1.572	-0.210	-1.336	-0.712
1.07.24	-1.256	3.280	-0.518	-2.809	-1.304
1.07.25	-0.779	2.586	-0.330	-2.544	-1.066
1.07.26	-0.944	3.564	-0.805	-3.245	-1.430
1.07.27	-1.390	3.206	-0.386	-3.380	-1.950
1.07.28	-1.264	2.607	-0.475	-2.106	-1.238
1.07.29	-1.476	4.112	-0.484	-4.036	-1.885
1.07.30	-1.274	3.718	-0.407	-3.964	-1.928
1.07.31	-1.696	3.720	-0.543	-3.702	-2.221
1.07.32	-1.432	3.374	-0.578	-2.600	-1.235
1.07.33	-1.453	3.205	-0.295	-3.183	-1.726
1.07.34	-1.512	2.959	-0.493	-2.191	-1.238
1.07.35	-1.387	3.208	-0.742	-2.450	-1.372
1.07.36	-0.756	3.135	-0.570	-3.010	-1.201
1.07.37	-1.880	4.617	-0.531	-5.053	-2.847
1.07.38	-0.622	2.854	-0.683	-2.416	-0.867
1.07.39	-1.162	3.203	-0.586	-2.931	-1.475
1.07.40	-1.663	4.090	-0.487	-4.386	-2.446
1.07.41	-1.483	3.182	-0.414	-2.855	-1.570
1.07.42	-2.921	5.727	-0.999	-6.282	-4.475
1.07.43	-1.346	3.062	-0.370	-3.132	-1.787
1.07.44	-2.981	4.361	-0.598	-4.017	-3.236
1.07.45	-1.246	2.831	-0.363	-2.469	-1.247
1.07.46	-0.514	1.684	-0.140	-1.573	-0.543
1.07.47	-1.191	2.804	-0.251	-2.591	-1.230
1.07.48	-0.975	2.859	-0.303	-2.930	-1.349
1.07.49	-1.108	3.498	-0.446	-3.760	-1.816
1.07.50	-0.751	2.454	-0.282	-2.510	-1.089
1.07.51	-3.528	5.039	-0.723	-3.835	-3.047
1.07.52	-5.417	10.009	-2.126	-6.472	-4.006
1.07.53	-2.059	2.970	-0.340	-2.001	-1.430
1.07.54	-0.378	1.207	-0.136	-0.977	-0.283
1.07.55	-2.325	4.015	-0.537	-3.439	-2.286
1.07.56	-4.350	10.410	-1.432	-11.120	-6.492
1.07.57	-3.882	8.485	-1.023	-8.539	-4.960
1.07.58	-3.282	7.158	-0.807	-6.992	-3.922
1.07.59	-1.525	4.146	-0.371	-4.615	-2.365
1.07.60	-1.695	4.401	-0.399	-4.799	-2.492
1.07.61	-1.426	3.548	-0.281	-3.828	-1.987
1.07.62	-2.649	4.860	-0.467	-4.605	-2.861
1.07.63	-1.227	2.581	-0.360	-2.049	-1.056
1.07.64	-1.172	2.582	-0.431	-1.790	-0.811
1.07.65	-0.944	1.890	-0.259	-1.386	-0.700
1.07.66	-1.802	3.367	-0.605	-2.430	-1.470
1.07.67	-2.920	4.875	-0.729	-3.630	-2.405
1.07.68	-3.471	7.548	-1.361	-4.575	-1.860
1.07.69	-3.711	5.370	-0.756	-4.429	-3.526
1.07.70	-3.686	5.012	-0.692	-4.345	-3.712
1.07.71	-3.699	5.550	-0.735	-4.974	-3.860
1.07.72	-4.892	5.925	-1.420	-4.502	-4.889
1.07.73	-2.980	4.379	-0.980	-3.729	-3.310
1.07.74	-3.044	4.287	-0.600	-3.216	-2.573
1.07.75	-0.614	2.087	-0.203	-1.942	-0.671
1.07.76	-0.848	2.663	-0.308	-2.850	-1.342
1.07.77	-1.096	3.087	-0.372	-3.285	-1.667
1.07.78	-0.489	1.606	-0.140	-1.491	-0.514
1.07.79	-1.093	3.169	-0.363	-3.215	-1.502
1.07.80	-0.287	0.847	-0.054	-0.789	-0.283
1.07.81	-1.212	2.871	-0.264	-2.656	-1.261
1.07.82	-0.299	1.287	-0.102	-1.238	-0.352
1.07.83	-1.137	1.940	-0.263	-1.687	-1.146
1.07.84	-0.602	1.480	-0.167	-1.237	-0.526
1.07.85	-2.722	3.682	-0.507	-2.714	-2.260
1.08.01	-0.650	2.033	-0.269	-1.945	-0.831
1.08.02	-0.590	2.315	-0.278	-2.224	-0.776
1.08.03	-1.147	2.638	-0.499	-2.112	-1.121
1.08.04	-1.387	3.075	-0.456	-3.131	-1.899
1.08.05	-1.213	3.432	-0.606	-3.520	-1.906
1.08.06	-3.823	5.127	-1.150	-4.550	-4.397
1.08.07	-3.475	4.508	-0.995	-3.269	-3.231
1.08.08	-2.688	4.138	-0.575	-3.783	-2.908
1.08.09	-4.708	7.340	-1.309	-6.526	-5.203
1.08.10	-2.720	3.901	-0.518	-3.158	-2.495
1.08.11	-1.250	2.360	-0.214	-1.894	-0.998
1.08.12	-1.143	2.572	-0.490	-2.028	-1.088
1.08.13	-1.678	3.914	-0.626	-3.529	-1.919
1.08.14	-1.107	3.150	-0.638	-2.350	-0.945
1.08.15	-1.009	2.395	-0.249	-2.077	-0.939
1.08.16	-1.010	2.531	-0.366	-2.324	-1.169
1.08.17	-1.244	2.626	-0.334	-2.497	-1.449
1.08.18	-1.087	3.213	-0.412	-3.576	-1.862
1.08.19	-2.717	5.762	-0.737	-6.166	-3.858
1.08.20	-2.049	4.427	-0.612	-4.003	-2.237
1.08.21	-3.189	3.761	-0.656	-3.044	-3.128
1.08.22	-1.433	3.552	-0.513	-3.516	-1.910
1.08.23	-1.980	4.158	-0.576	-4.105	-2.503
1.08.24	-1.353	3.333	-0.451	-3.597	-2.067
1.08.25	-1.378	3.177	-0.370	-3.222	-1.792
1.08.26	-2.841	3.491	-0.544	-2.320	-2.215
1.08.27	-3.401	4.589	-0.687	-3.184	-2.683
1.08.28	-3.098	4.992	-0.714	-4.062	-2.883
1.08.29	-2.606	4.619	-0.617	-3.810	-2.414
1.08.30	-3.267	4.435	-0.698	-2.957	-2.487
1.08.31	-1.313	3.383	-0.360	-2.999	-1.289
1.08.32	-1.724	3.325	-0.893	-2.087	-1.378
1.08.33	-2.304	4.113	-0.692	-3.190	-2.072
1.08.34	-1.636	3.232	-0.847	-1.952	-1.203
1.08.35	-1.290	2.351	-0.411	-1.783	-1.133
1.08.36	-1.602	3.845	-0.703	-3.492	-1.952
1.08.37	-1.241	2.361	-0.216	-1.913	-1.008
1.08.38	-1.224	2.387	-0.498	-1.878	-1.214
1.08.39	-3.627	4.187	-0.556	-3.134	-3.129
1.08.40	-3.297	5.054	-1.154	-3.031	-2.428
1.09.01	-3.124	4.937	-0.986	-3.333	-2.506
1.09.02	-1.056	2.736	-0.272	-2.642	-1.234
1.09.03	-1.361	4.354	-0.340	-3.969	-1.316
1.09.04	-4.251	6.339	-1.180	-4.288	-3.380
1.09.05	-2.756	4.448	-0.819	-3.005	-2.132
1.09.06	-2.588	4.657	-0.864	-3.305	-2.100
1.09.07	-2.653	4.349	-0.530	-3.244	-2.078
1.09.08	-2.107	3.671	-0.523	-2.604	-1.564
1.09.09	-1.920	4.780	-0.559	-4.853	-2.551
1.09.10	-3.633	6.399	-1.391	-3.964	-2.589
1.09.11	-1.729	2.408	-0.480	-1.979	-1.780
1.09.12	-2.447	3.808	-0.592	-2.444	-1.675
1.09.13	-1.609	3.006	-0.516	-2.494	-1.612
1.09.14	-1.229	2.981	-0.353	-2.665	-1.265
1.09.15	-2.983	4.749	-0.718	-4.387	-3.339
1.09.16	-3.510	8.397	-0.889	-8.074	-4.076
1.09.17	-2.841	7.052	-0.723	-6.607	-3.119
1.09.18	-4.347	10.586	-1.089	-10.802	-5.652
1.09.19	-3.699	6.528	-1.221	-5.688	-4.081
1.09.20	-3.293	5.795	-1.081	-4.976	-3.555
1.09.21	-1.648	6.094	-0.697	-7.799	-4.049
1.09.22	-0.790	2.906	-0.359	-2.836	-1.079
1.09.23	-1.034	3.158	-0.324	-3.492	-1.692
1.09.24	-0.841	2.722	-0.341	-2.827	-1.287
1.09.25	-1.601	4.717	-0.424	-4.823	-2.132
1.09.26	-1.240	4.882	-0.685	-5.141	-2.183
1.09.27	-1.271	3.751	-0.396	-4.233	-2.149
1.09.28	-0.883	3.308	-0.427	-3.335	-1.338
1.09.29	-1.835	5.268	-0.440	-5.398	-2.405
1.09.30	-1.451	4.264	-0.340	-4.478	-2.005
1.09.31	-1.316	3.763	-0.340	-3.670	-1.563
1.09.32	-1.531	4.484	-0.368	-4.765	-2.180
1.09.33	-1.323	4.334	-0.565	-4.571	-2.125
1.09.34	-0.719	2.242	-0.237	-2.159	-0.874
1.09.35	-1.701	3.061	-0.653	-2.667	-1.960
1.10.01	-3.303	6.232	-0.608	-6.499	-4.178
1.10.02	-1.490	3.462	-0.304	-3.036	-1.368
1.10.03	-3.548	5.295	-0.716	-4.566	-3.535
1.10.04	-3.916	4.797	-0.672	-3.961	-3.752
1.10.05	-0.890	1.868	-0.185	-1.898	-1.105
1.10.06	-3.010	3.336	-0.619	-2.538	-2.830
1.10.07	-1.041	2.187	-0.281	-2.071	-1.205
1.10.08	-2.769	2.904	-0.573	-2.306	-2.744
1.10.09	-1.807	2.576	-0.506	-2.405	-2.142
1.10.10	-0.693	1.104	-0.129	-1.008	-0.725
1.10.11	-0.738	1.063	-0.130	-0.682	-0.487
1.11.01	-3.943	5.876	-0.836	-5.246	-4.150
1.11.02	-4.492	6.080	-0.824	-4.948	-4.184
1.11.03	-3.299	4.904	-0.641	-4.409	-3.445
1.11.04	-0.694	1.481	-0.152	-1.260	-0.625
1.11.05	-0.959	1.682	-0.216	-1.701	-1.194
1.11.06	-3.532	4.230	-0.686	-3.473	-3.460
1.11.07	-3.000	3.880	-0.519	-3.175	-2.813
1.11.08	-0.963	1.239	-0.181	-0.796	-0.701
1.11.09	-0.930	1.125	-0.142	-0.777	-0.725
1.11.10	-3.895	4.198	-0.998	-3.317	-4.012
1.11.11	-0.869	2.056	-0.228	-1.423	-0.465
1.11.12	-2.271	2.666	-0.408	-1.829	-1.841
1.12.01	-2.065	4.183	-0.374	-4.669	-2.926
1.12.02	-2.580	5.403	-0.747	-5.370	-3.295
1.12.03	-1.794	3.406	-0.340	-3.059	-1.787
1.12.04	-0.814	2.322	-0.281	-1.831	-0.604
1.12.05	-2.965	4.201	-0.886	-2.875	-2.524
1.12.06	-1.463	3.223	-0.594	-2.917	-1.751
1.12.07	-3.791	5.375	-0.815	-4.872	-4.104
1.12.08	-3.923	5.702	-0.906	-5.082	-4.208
1.12.09	-3.348	5.623	-0.647	-4.644	-3.016
1.12.10	-0.719	1.999	-0.154	-1.862	-0.737
1.12.11	-2.673	4.238	-0.718	-2.580	-1.734
1.12.12	-1.882	3.134	-0.361	-3.086	-2.194
1.12.13	-0.453	1.019	-0.087	-0.853	-0.374
1.12.14	-0.574	1.402	-0.117	-1.444	-0.733
1.12.15	-1.704	3.616	-0.708	-2.539	-1.335
1.13.01	-3.305	4.179	-0.678	-2.986	-2.790
1.13.02	-2.076	3.098	-0.475	-2.780	-2.232
1.13.03	-0.401	1.667	-0.146	-1.374	-0.254
1.14.01	-2.666	5.493	-0.816	-5.052	-3.041
1.14.02	-3.273	4.367	-0.771	-3.472	-3.149
1.14.03	-2.834	4.642	-0.729	-4.807	-3.728
1.14.04	-4.768	5.818	-1.022	-4.963	-4.935
1.14.05	-3.475	4.964	-0.956	-4.212	-3.679
1.14.06	-2.290	3.348	-0.369	-2.196	-1.508
1.14.07	-1.729	3.933	-0.753	-2.906	-1.455
1.15.01	-1.499	3.703	-0.492	-3.277	-1.565
1.15.02	-0.775	1.754	-0.232	-1.477	-0.731
1.15.03	-2.616	4.724	-0.728	-4.768	-3.389
1.15.04	-2.617	5.570	-0.850	-5.121	-3.017
1.15.05	-1.436	2.926	-0.399	-2.841	-1.750
1.15.06	-1.253	4.042	-0.392	-4.447	-2.050
1.15.07	-2.007	4.258	-0.586	-3.745	-2.080
1.15.08	-2.414	5.363	-0.756	-5.530	-3.337
2.01.01	-0.671	1.474	-0.211	-1.198	-0.606
2.01.02	-0.289	1.233	-0.211	-0.921	-0.188
2.01.03	-0.584	1.198	-0.198	-0.546	-0.130
2.01.04	-0.297	0.799	-0.136	-0.406	-0.039
2.02.01	-0.744	1.468	-0.230	-1.156	-0.662
2.02.02	-0.798	1.592	-0.277	-0.830	-0.314
2.02.03	-0.482	1.223	-0.166	-0.763	-0.188
2.02.04	-1.240	2.290	-0.300	-1.163	-0.413
2.02.05	-0.411	1.015	-0.120	-0.582	-0.098
2.02.06	-0.743	1.401	-0.233	-0.879	-0.454
2.02.07	-0.796	1.491	-0.242	-0.847	-0.393
2.03.01	-1.477	3.734	-0.481	-3.299	-1.523
2.03.02	-2.141	6.164	-0.728	-6.111	-2.817
2.03.03	-1.424	3.434	-0.427	-3.110	-1.527
2.03.04	-1.005	3.233	-0.368	-2.736	-0.877
2.03.05	-1.910	5.401	-0.619	-5.562	-2.690
2.03.06	-0.757	2.450	-0.299	-1.986	-0.592
2.03.07	-2.480	7.021	-0.846	-7.160	-3.465
2.03.08	-2.257	6.490	-0.766	-6.513	-3.046
2.03.09	-1.269	3.915	-0.503	-3.378	-1.235
2.03.10	-1.575	5.250	-0.688	-4.674	-1.686
2.03.11	-4.854	8.852	-1.184	-8.308	-5.493
2.03.12	-4.217	8.646	-1.222	-8.342	-5.135
2.03.13	-3.976	7.312	-1.210	-5.982	-3.856
2.03.14	-5.020	10.269	-1.500	-9.980	-6.231
2.03.15	-4.602	8.596	-1.423	-7.270	-4.700
2.03.16	-2.026	5.919	-0.699	-6.007	-2.813
2.03.17	-1.622	4.494	-0.487	-4.520	-2.134
2.03.18	-0.753	2.525	-0.305	-2.050	-0.582
2.03.19	-1.636	4.248	-0.505	-3.823	-1.716
2.03.20	-1.003	2.638	-0.290	-2.232	-0.887
2.03.21	-3.007	5.309	-0.821	-5.231	-3.749
2.03.22	-3.642	10.158	-1.217	-9.707	-4.408
2.03.23	-2.066	5.194	-0.521	-4.994	-2.387
2.03.24	-2.283	6.013	-0.608	-6.146	-3.023
2.03.25	-2.576	6.430	-0.669	-6.128	-2.942
2.03.26	-2.188	5.610	-0.570	-5.620	-2.768
2.03.27	-1.718	5.135	-0.484	-5.527	-2.594
2.03.28	-1.815	4.830	-0.510	-4.978	-2.474
2.03.29	-1.398	3.404	-0.422	-3.422	-1.838
2.03.30	-2.434	6.446	-0.705	-6.307	-2.999
2.03.31	-3.500	7.089	-1.312	-5.234	-2.956
2.03.32	-3.343	7.020	-0.942	-6.883	-4.148
2.03.33	-2.436	3.744	-0.595	-2.873	-2.160
2.03.34	-1.967	3.160	-0.757	-2.935	-2.500
2.03.35	-2.689	4.895	-0.638	-4.453	-2.884
2.03.36	-3.575	5.779	-0.833	-3.118	-1.747
2.03.37	-3.638	6.788	-0.873	-5.362	-3.084
2.03.38	-3.425	6.554	-0.993	-4.874	-2.738
2.03.39	-3.932	7.000	-1.348	-3.736	-2.015
2.03.40	-3.234	5.899	-0.789	-4.756	-2.881
2.03.41	-4.643	6.706	-1.018	-3.860	-2.815
2.03.42	-2.619	5.492	-0.742	-4.930	-2.799
2.03.43	-2.775	5.018	-0.773	-3.839	-2.370
2.03.44	-9.749	18.844	-3.763	-11.763	-6.431
2.03.45	-8.395	16.565	-3.457	-9.191	-4.478
2.03.46	-4.632	8.494	-1.609	-6.351	-4.098
2.03.47	-2.964	7.995	-1.186	-5.229	-1.384
2.03.48	-1.248	3.504	-0.434	-2.351	-0.529
2.03.49	-2.297	6.746	-0.945	-4.681	-1.176
2.03.50	-1.398	4.070	-0.482	-3.348	-1.159
2.03.51	-2.954	7.773	-1.104	-5.150	-1.435
2.03.52	-1.624	4.763	-0.565	-4.050	-1.477
2.03.53	-1.393	4.052	-0.493	-3.337	-1.171
2.03.54	-2.162	6.412	-0.849	-4.485	-1.084
2.03.55	-5.655	10.428	-2.306	-5.606	-3.139
2.03.56	-5.362	10.752	-1.873	-6.122	-2.605
2.03.57	-2.192	4.548	-0.675	-3.072	-1.391
2.03.58	-3.930	8.212	-1.356	-4.425	-1.498
2.04.01	-2.056	4.728	-0.554	-5.249	-3.132
2.04.02	-1.864	3.784	-0.486	-3.745	-2.310
2.04.03	-1.479	3.406	-0.448	-3.601	-2.121
2.04.04	-2.397	6.443	-0.750	-5.595	-2.299
2.04.05	-1.520	3.293	-0.431	-3.078	-1.737
2.04.06	-3.640	5.766	-0.892	-4.037	-2.804
2.04.07	-7.015	13.832	-2.938	-7.716	-3.838
2.04.08	-3.379	5.899	-0.960	-4.677	-3.117
2.04.09	-4.481	9.918	-1.781	-6.004	-2.348
2.04.10	-2.961	6.896	-1.162	-4.073	-1.300
2.04.11	-1.412	3.653	-0.487	-3.399	-1.644
2.04.12	-2.352	5.420	-0.632	-4.940	-2.504
2.04.13	-1.225	3.942	-0.528	-3.952	-1.763
2.04.14	-1.587	4.417	-0.556	-3.881	-1.607
2.04.15	-2.904	7.854	-0.823	-6.893	-2.767
2.04.16	-3.520	8.560	-1.128	-8.859	-4.948
2.04.17	-4.248	7.362	-1.178	-7.667	-5.731
2.04.18	-5.856	11.548	-1.650	-10.703	-6.662
2.04.19	-3.960	6.485	-1.047	-5.444	-3.966
2.04.20	-4.218	6.872	-1.129	-5.742	-4.216
2.04.21	-1.273	3.228	-0.360	-2.824	-1.230
2.04.22	-2.197	6.313	-0.587	-5.578	-2.049
2.04.23	-2.308	5.614	-0.645	-5.111	-2.451
2.04.24	-2.923	8.176	-0.945	-7.230	-2.922
2.04.25	-1.985	5.244	-0.608	-4.850	-2.199
2.04.26	-2.342	4.877	-0.903	-5.360	-3.728
2.04.27	-2.469	5.648	-0.642	-5.372	-2.834
2.04.28	-5.272	9.114	-1.431	-9.419	-7.009
2.04.29	-5.434	8.798	-1.572	-7.420	-5.626
2.04.30	-4.012	6.691	-0.995	-6.071	-4.387
2.04.31	-1.907	5.257	-0.496	-4.964	-2.111
2.04.32	-2.988	7.106	-0.942	-5.836	-2.660
2.04.33	-1.122	3.356	-0.303	-3.237	-1.306
2.04.34	-2.319	5.686	-0.719	-4.521	-1.874
2.04.35	-1.310	3.887	-0.363	-3.725	-1.510
2.04.36	-2.853	4.612	-0.636	-3.140	-2.018
2.04.37	-3.732	5.878	-0.823	-4.739	-3.416
2.04.38	-0.850	2.580	-0.250	-2.183	-0.702
2.04.39	-3.633	7.374	-0.791	-6.327	-3.377
2.04.40	-2.355	5.337	-0.720	-5.065	-2.804
2.04.41	-1.546	4.624	-0.410	-4.531	-1.864
2.04.42	-1.466	4.410	-0.397	-4.313	-1.766
2.04.43	-1.886	5.543	-0.712	-5.246	-2.300
2.04.44	-2.991	7.317	-0.946	-6.130	-2.750
2.04.45	-3.056	7.470	-0.951	-6.194	-2.730
2.04.46	-2.251	5.658	-0.754	-4.761	-2.109
2.04.47	-1.205	4.176	-0.500	-4.237	-1.767
2.04.48	-2.274	5.982	-0.866	-5.416	-2.574
2.04.49	-1.906	4.618	-0.607	-4.176	-2.071
2.04.50	-1.069	3.499	-0.305	-3.468	-1.343
2.04.51	-3.431	6.864	-0.875	-7.035	-4.477
2.04.52	-3.489	9.941	-1.045	-10.948	-5.541
2.04.53	-2.095	5.180	-0.545	-5.251	-2.712
2.04.54	-2.037	4.987	-0.535	-4.888	-2.473
2.04.55	-1.388	3.353	-0.365	-3.270	-1.669
2.04.56	-1.702	4.212	-0.440	-4.125	-2.054
2.04.57	-2.084	5.241	-0.552	-5.208	-2.603
2.04.58	-1.770	4.551	-0.501	-4.810	-2.530
2.04.59	-2.064	5.100	-0.556	-5.204	-2.724
2.04.60	-1.766	4.366	-0.503	-4.402	-2.306
2.04.61	-2.580	4.536	-0.640	-3.884	-2.568
2.04.62	-2.525	3.648	-1.067	-3.133	-3.078
2.04.63	-2.140	3.148	-0.828	-2.691	-2.510
2.04.64	-1.942	4.288	-0.575	-3.504	-1.733
2.04.65	-2.207	4.848	-0.541	-4.268	-2.169
2.04.66	-1.962	5.218	-0.666	-4.651	-2.060
2.04.67	-1.327	3.264	-0.394	-3.088	-1.544
2.04.68	-3.237	5.698	-0.683	-3.914	-2.135
2.04.69	-2.264	3.718	-0.481	-2.611	-1.638
2.04.70	-3.767	5.200	-0.781	-3.686	-3.035
2.04.71	-1.166	3.133	-0.294	-2.846	-1.173
2.05.01	-2.339	4.040	-0.618	-3.127	-2.046
2.05.02	-1.816	4.684	-0.696	-4.142	-1.971
2.05.03	-0.832	1.787	-0.241	-1.319	-0.605
2.05.04	-1.939	2.589	-0.343	-1.542	-1.235
2.05.05	-0.642	2.222	-0.250	-2.001	-0.671
2.05.06	-3.600	7.886	-0.897	-7.519	-4.130
2.05.07	-1.982	3.097	-0.442	-2.440	-1.768
2.05.08	-2.384	4.704	-0.638	-3.941	-2.258
2.05.09	-3.400	5.976	-0.742	-5.381	-3.548
2.05.10	-4.196	6.210	-1.422	-4.767	-4.175
2.05.11	-4.515	6.424	-2.095	-5.146	-5.331
2.05.12	-2.762	4.663	-0.586	-4.318	-3.004
2.05.13	-1.266	3.199	-0.429	-2.710	-1.207
2.05.14	-1.528	3.464	-0.430	-2.964	-1.457
2.05.15	-2.374	6.542	-0.790	-6.750	-3.373
2.05.16	-1.563	4.642	-0.716	-3.515	-1.152
2.05.17	-1.897	3.018	-0.450	-1.588	-0.917
2.05.18	-4.503	9.044	-1.134	-6.105	-2.698
2.05.19	-3.869	8.476	-2.075	-4.100	-1.569
2.05.20	-0.562	1.763	-0.227	-1.270	-0.296
2.06.01	-2.852	4.123	-0.558	-3.319	-2.606
2.06.02	-1.021	2.019	-0.213	-1.593	-0.808
2.06.03	-3.877	4.903	-0.801	-3.278	-3.054
2.06.04	-3.506	5.459	-0.678	-4.056	-2.781
2.06.05	-0.771	2.150	-0.218	-1.804	-0.643
2.06.06	-3.601	5.054	-0.882	-4.015	-3.444
2.06.07	-1.056	1.924	-0.231	-1.732	-1.096
2.06.08	-1.446	2.333	-0.286	-1.813	-1.213
2.06.09	-4.808	6.821	-1.002	-4.748	-3.737
2.06.10	-0.967	2.859	-0.317	-2.681	-1.106
2.06.11	-2.780	5.007	-0.776	-4.860	-3.410
2.06.12	-2.360	3.297	-0.496	-2.304	-1.863
2.06.13	-2.574	4.264	-0.640	-3.552	-2.501
2.06.14	-2.315	5.264	-0.536	-5.163	-2.750
2.06.15	-3.374	5.109	-0.702	-4.670	-3.636
2.06.16	-1.247	2.850	-0.385	-2.365	-1.148
2.06.17	-2.863	4.494	-0.644	-3.900	-2.913
2.06.18	-4.162	5.592	-0.735	-4.250	-3.555
2.06.19	-6.305	8.237	-1.100	-6.076	-5.245
2.06.20	-3.957	8.331	-0.748	-7.265	-3.639
2.06.21	-6.243	9.087	-1.146	-6.754	-5.056
2.06.22	-4.396	5.255	-0.990	-3.873	-4.003
2.06.23	-1.971	4.671	-0.423	-4.717	-2.439
2.06.24	-5.702	7.580	-1.222	-5.303	-4.646
2.07.01	-3.609	3.916	-0.705	-3.010	-3.408
2.07.02	-2.193	5.694	-0.711	-4.842	-2.052
2.07.03	-3.310	5.910	-0.904	-6.066	-4.370
2.07.04	-2.354	3.964	-0.491	-3.070	-1.951
2.07.05	-3.193	6.511	-1.646	-4.282	-2.609
2.07.06	-4.254	6.651	-1.028	-5.728	-4.359
2.07.07	-2.290	3.481	-0.396	-1.991	-1.196
2.07.08	-1.534	4.274	-0.996	-3.066	-1.322
2.07.09	-3.298	6.366	-1.010	-5.117	-3.058
2.07.10	-2.531	4.816	-0.706	-3.389	-1.810
2.08.01	-2.736	2.937	-0.548	-2.391	-2.738
2.08.02	-1.759	3.039	-0.417	-2.730	-1.867
2.08.03	-2.486	4.319	-0.760	-3.966	-2.893
2.08.04	-3.245	4.385	-0.966	-3.073	-2.899
2.08.05	-3.848	5.736	-0.898	-5.043	-4.053
2.08.06	-2.569	3.711	-0.524	-2.769	-2.151
2.08.07	-4.144	5.602	-1.050	-3.463	-3.056
2.08.08	-3.493	4.486	-0.711	-2.987	-2.706
2.08.09	-4.265	5.805	-0.994	-3.836	-3.290
2.08.10	-3.758	6.422	-1.218	-3.490	-2.044
2.08.11	-1.224	2.348	-0.306	-1.720	-0.902
2.08.12	-1.320	3.818	-0.616	-3.625	-1.742
2.08.13	-5.824	6.831	-1.257	-5.401	-5.651
2.08.14	-2.506	4.867	-0.776	-3.824	-2.239
2.09.01	-2.857	4.311	-0.545	-2.988	-2.078
2.09.02	-1.421	2.816	-0.333	-2.519	-1.457
2.09.03	-0.951	4.113	-0.694	-3.832	-1.364
2.09.04	-1.638	6.510	-1.061	-6.780	-2.968
2.09.05	-1.215	3.950	-0.532	-3.920	-1.716
2.09.06	-3.187	7.555	-0.738	-7.094	-3.463
2.09.07	-3.996	7.646	-1.199	-7.391	-4.940
2.09.08	-2.986	6.246	-1.155	-5.348	-3.244
2.09.09	-2.471	5.405	-0.608	-5.814	-3.488
2.09.10	-3.667	7.900	-0.897	-7.007	-3.672
2.09.11	-2.683	5.812	-0.700	-4.676	-2.248
2.09.12	-4.940	10.491	-1.316	-6.212	-1.977
2.09.13	-0.958	3.157	-0.570	-2.356	-0.726
2.09.14	-3.401	8.018	-1.180	-5.502	-2.065
2.09.15	-1.909	4.381	-0.558	-3.867	-1.952
2.10.01	-2.680	4.872	-0.916	-4.178	-2.902
2.10.02	-4.143	7.174	-1.240	-6.632	-4.841
2.10.03	-3.242	5.934	-1.122	-4.784	-3.214
2.10.04	-3.751	6.620	-0.977	-6.338	-4.445
2.10.05	-3.174	6.682	-0.954	-4.871	-2.317
2.10.06	-3.305	8.277	-0.656	-6.913	-2.596
2.10.07	-3.469	6.892	-0.832	-5.282	-2.691
2.10.08	-4.461	9.618	-1.304	-8.038	-4.186
2.10.09	-3.653	6.988	-1.042	-6.054	-3.760
2.10.10	-2.300	5.654	-0.580	-5.436	-2.662
2.10.11	-4.398	6.885	-1.104	-5.521	-4.138
2.10.12	-2.627	6.759	-0.738	-5.783	-2.388
2.10.13	-3.535	6.884	-0.988	-5.789	-3.428
2.10.14	-1.914	4.838	-0.425	-4.559	-2.059
2.10.15	-1.652	4.791	-0.605	-4.667	-2.134
2.10.16	-2.601	4.572	-0.743	-3.373	-2.144
2.10.17	-3.786	6.244	-1.045	-4.200	-2.787
2.10.18	-1.045	2.914	-0.315	-2.527	-0.973
2.11.01	-2.797	4.270	-0.673	-3.234	-2.435
2.11.02	-3.768	8.054	-1.264	-6.516	-3.493
2.11.03	-4.976	10.460	-1.514	-9.281	-5.311
2.11.04	-2.402	4.813	-0.627	-3.870	-2.086
2.11.05	-4.218	10.525	-1.826	-9.678	-5.197
2.11.06	-2.607	7.482	-1.274	-6.055	-2.454
2.11.07	-1.833	4.532	-0.719	-3.465	-1.486
2.12.01	-4.043	8.530	-1.317	-6.699	-3.529
2.12.02	-2.702	5.561	-0.684	-3.488	-1.313
2.12.03	-4.832	10.768	-1.780	-7.640	-3.483
2.12.04	-7.035	10.871	-1.827	-6.107	-4.098
2.12.05	-4.837	8.134	-1.378	-4.915	-2.997
2.12.06	-4.288	6.971	-1.064	-4.328	-2.709
2.12.07	-5.048	9.736	-1.598	-6.093	-3.002
2.12.08	-1.131	2.868	-0.340	-2.121	-0.724
2.12.09	-3.567	5.205	-0.793	-3.142	-2.297
2.12.10	-2.352	5.633	-0.649	-5.306	-2.674
2.12.11	-3.116	8.174	-0.860	-7.560	-3.362
2.12.12	-2.535	4.751	-0.744	-3.591	-2.119
2.12.13	-4.299	7.623	-1.237	-5.819	-3.732
2.12.14	-4.326	8.712	-1.267	-8.005	-4.886
2.12.15	-4.118	7.889	-1.373	-5.459	-3.062
2.12.16	-5.804	11.743	-1.804	-9.297	-5.162
2.12.17	-3.389	5.833	-0.895	-4.963	-3.414
2.12.18	-3.754	8.930	-1.192	-7.330	-3.347
2.12.19	-3.274	7.704	-1.076	-6.249	-2.895
2.12.20	-7.169	14.198	-2.217	-7.269	-2.457
2.12.21	-4.560	7.870	-1.154	-6.761	-4.604
2.12.22	-4.912	7.682	-1.182	-5.571	-3.983
2.12.23	-2.707	6.209	-0.616	-5.870	-2.983
2.12.24	-4.974	8.717	-1.361	-5.646	-3.264
2.13.01	-6.594	9.215	-1.465	-5.692	-4.536
2.13.02	-5.604	13.095	-1.314	-9.123	-2.945
2.13.03	-4.564	7.894	-1.238	-5.724	-3.632
2.13.04	-2.758	6.213	-0.732	-4.949	-2.225
2.13.05	-6.245	7.999	-1.277	-5.053	-4.576
2.13.06	-6.247	8.496	-1.615	-6.030	-5.397
2.13.07	-1.748	3.899	-0.409	-3.282	-1.540
2.13.08	-7.945	11.189	-2.066	-7.169	-5.992
2.13.09	-2.033	5.753	-0.859	-4.814	-1.953
2.13.10	-6.307	8.562	-1.561	-5.928	-5.234
2.13.11	-3.302	5.460	-0.898	-4.864	-3.605
2.13.12	-3.426	5.626	-0.860	-4.413	-3.073
2.13.13	-2.843	5.830	-0.771	-5.242	-3.026
2.13.14	-5.869	10.741	-1.651	-7.971	-4.750
2.13.15	-3.871	6.456	-1.084	-5.348	-3.847
2.13.16	-4.974	8.521	-1.295	-5.463	-3.211
2.13.17	-4.257	6.358	-1.030	-4.400	-3.329
2.13.18	-5.887	11.310	-1.472	-7.973	-4.022
2.13.19	-4.966	8.251	-1.461	-6.943	-5.120
2.13.20	-2.185	4.337	-0.861	-3.934	-2.643
2.13.21	-2.776	7.094	-1.003	-6.253	-2.939
3.01.01	-0.429	0.791	-0.070	-0.417	-0.125
3.01.02	-0.531	0.981	-0.113	-0.688	-0.351
3.01.03	-0.179	0.308	-0.031	-0.191	-0.092
3.01.04	-0.251	0.442	-0.021	-0.255	-0.085
3.02.01	-0.667	1.194	-0.168	-0.589	-0.229
3.02.02	-0.275	0.649	-0.082	-0.393	-0.100
3.02.03	-0.200	0.619	-0.077	-0.339	0.003
3.02.04	-0.202	0.792	-0.091	-0.550	-0.051
3.03.01	-0.192	0.733	-0.140	-0.420	-0.019
3.03.02	-0.184	1.010	-0.217	-0.639	-0.030
3.03.03	-0.719	1.360	-0.208	-0.684	-0.251
3.04.01	-0.680	1.341	-0.249	-0.690	-0.278
3.04.02	-0.526	1.095	-0.199	-0.556	-0.186
3.04.03	-0.264	0.952	-0.162	-0.627	-0.101
3.04.04	-0.328	1.330	-0.201	-0.926	-0.125
3.05.01	-1.684	5.234	-0.612	-5.995	-3.057
3.05.02	-0.836	1.975	-0.272	-1.559	-0.692
3.05.03	-0.665	2.156	-0.348	-1.827	-0.684
3.05.04	-0.300	1.310	-0.053	-1.295	-0.337
3.05.05	-1.753	5.361	-0.623	-6.119	-3.134
3.05.06	-0.568	1.544	-0.102	-1.494	-0.620
3.05.07	-1.070	2.989	-0.307	-2.878	-1.266
3.05.08	-0.968	2.230	-0.309	-1.847	-0.895
3.05.09	-0.636	2.069	-0.357	-1.223	-0.147
3.05.10	-0.555	2.305	-0.170	-2.231	-0.651
3.05.11	-3.020	3.968	-0.735	-3.172	-2.959
3.05.12	-2.738	3.899	-0.391	-2.467	-1.697
3.05.13	-3.838	5.920	-0.673	-4.467	-3.058
3.05.14	-0.912	1.622	-0.082	-1.265	-0.636
3.06.01	-1.128	2.855	-0.376	-2.534	-1.182
3.06.02	-1.596	4.557	-0.405	-3.998	-1.442
3.06.03	-1.614	4.661	-0.394	-4.198	-1.544
3.06.04	-1.370	2.969	-0.375	-2.387	-1.164
3.06.05	-1.076	3.463	-0.277	-3.303	-1.193
3.06.06	-0.824	2.545	-0.208	-2.189	-0.675
3.06.07	-1.367	3.022	-0.382	-2.395	-1.122
3.06.08	-1.712	4.958	-0.428	-4.740	-1.922
3.06.09	-1.380	4.050	-0.338	-3.721	-1.390
3.06.10	-2.088	4.825	-0.436	-3.424	-1.123
3.06.11	-0.904	2.113	-0.220	-1.974	-0.985
3.06.12	-3.108	6.111	-0.486	-5.101	-2.583
3.06.13	-3.510	5.130	-0.858	-4.371	-3.609
3.06.14	-3.450	5.218	-0.751	-5.323	-4.306
3.06.15	-1.604	4.602	-0.341	-4.829	-2.172
3.06.16	-0.629	2.096	-0.164	-1.761	-0.459
3.06.17	-0.662	2.114	-0.330	-1.676	-0.555
3.06.18	-2.619	4.386	-0.359	-3.380	-1.972
3.07.01	-1.656	4.630	-0.404	-4.212	-1.641
3.07.02	-1.126	3.252	-0.410	-2.650	-0.934
3.07.03	-1.557	4.518	-0.604	-4.071	-1.713
3.07.04	-1.250	3.539	-0.297	-3.262	-1.271
3.07.05	-1.301	3.383	-0.440	-3.032	-1.390
3.07.06	-1.716	4.143	-0.498	-3.523	-1.594
3.07.07	-1.403	4.440	-0.412	-4.020	-1.395
3.07.08	-0.991	3.085	-0.283	-2.686	-0.875
3.07.09	-1.749	4.956	-0.689	-4.507	-1.988
3.07.10	-3.142	4.817	-0.759	-4.109	-3.193
3.07.11	-3.563	8.162	-0.816	-7.417	-3.634
3.07.12	-3.793	5.746	-0.813	-5.919	-4.779
3.07.13	-2.387	3.371	-0.497	-1.981	-1.495
3.07.14	-2.286	4.831	-0.653	-3.158	-1.266
3.07.15	-2.084	4.806	-0.478	-3.751	-1.506
3.07.16	-1.953	4.930	-0.474	-3.659	-1.157
3.07.17	-0.733	1.896	-0.400	-1.427	-0.663
3.08.01	-2.902	8.246	-0.900	-7.591	-3.146
3.08.02	-1.849	6.198	-1.266	-4.919	-1.837
3.08.03	-1.058	3.192	-0.391	-3.239	-1.496
3.08.04	-1.614	3.936	-0.508	-3.541	-1.728
3.08.05	-1.899	6.019	-0.594	-5.781	-2.255
3.08.06	-2.161	6.119	-0.794	-5.985	-2.821
3.08.07	-5.516	9.097	-1.474	-9.056	-6.949
3.08.08	-3.905	6.260	-0.990	-5.858	-4.492
3.08.09	-4.690	10.910	-1.267	-10.609	-5.656
3.08.10	-2.300	6.624	-0.666	-6.216	-2.557
3.08.11	-1.632	4.654	-0.419	-4.214	-1.612
3.08.12	-2.239	6.570	-0.860	-6.692	-3.221
3.08.13	-5.116	9.083	-1.870	-7.023	-4.926
3.08.14	-5.905	9.448	-1.578	-7.704	-5.740
3.08.15	-4.957	8.591	-2.042	-5.710	-4.117
3.08.16	-3.557	5.056	-0.830	-3.319	-2.650
3.08.17	-1.397	3.090	-0.356	-3.028	-1.691
3.08.18	-1.176	4.133	-0.455	-3.576	-1.074
3.09.01	-0.854	1.782	-0.094	-1.774	-0.940
3.09.02	-1.027	1.818	-0.123	-1.783	-1.115
3.09.03	-1.448	3.832	-0.344	-3.695	-1.654
3.09.04	-1.114	1.505	-0.106	-0.974	-0.689
3.09.05	-1.220	2.166	-0.312	-1.262	-0.628
3.09.06	-2.228	4.097	-0.572	-4.310	-3.013
3.09.07	-0.520	1.190	-0.175	-1.079	-0.584
3.09.08	-0.414	1.024	-0.197	-0.549	-0.136
3.09.09	-0.697	0.974	-0.124	-0.647	-0.494
3.09.10	-0.740	0.893	-0.139	-0.680	-0.665
3.09.11	-2.618	3.903	-0.466	-2.636	-1.816
3.10.01	-2.186	6.176	-0.532	-6.868	-3.410
3.10.02	-1.718	4.370	-0.316	-4.256	-1.920
3.10.03	-1.434	3.214	-0.236	-2.960	-1.416
3.10.04	-3.123	4.495	-0.596	-3.178	-2.402
3.10.05	-0.385	1.218	-0.114	-0.830	-0.111
3.10.06	-0.869	1.336	-0.160	-0.910	-0.602
3.10.07	-1.419	4.164	-0.427	-4.102	-1.785
3.10.08	-1.552	3.504	-0.303	-2.544	-0.895
3.10.09	-0.978	2.235	-0.199	-1.528	-0.470
3.10.10	-1.499	3.559	-0.470	-2.472	-0.882
3.10.11	-1.426	3.138	-0.341	-2.168	-0.797
3.10.12	-1.734	3.912	-0.396	-3.374	-1.592
3.10.13	-2.317	4.065	-0.922	-2.470	-1.644
3.10.14	-1.819	4.001	-0.857	-2.632	-1.307
3.11.01	-3.488	4.958	-0.638	-3.559	-2.727
3.11.02	-1.822	3.948	-0.276	-3.691	-1.841
3.11.03	-2.474	5.694	-0.438	-5.447	-2.665
3.11.04	-1.918	4.590	-0.664	-3.082	-1.074
3.11.05	-1.073	2.472	-0.204	-1.637	-0.443
3.11.06	-3.268	4.030	-0.580	-3.017	-2.834
3.11.07	-1.583	3.373	-0.777	-2.072	-1.060
3.11.08	-0.956	1.478	-0.181	-1.008	-0.666
3.11.09	-1.373	3.594	-0.373	-3.172	-1.324
3.11.10	-0.480	1.448	-0.148	-1.020	-0.199
3.12.01	-2.232	4.935	-0.408	-5.203	-2.907
3.12.02	-3.675	8.090	-0.778	-7.706	-4.069
3.12.03	-3.751	5.636	-0.700	-4.480	-3.295
3.12.04	-5.303	7.708	-1.161	-6.171	-4.928
3.12.05	-3.222	5.393	-1.030	-4.354	-3.212
3.12.06	-3.653	7.916	-0.893	-7.022	-3.652
3.12.07	-3.093	6.589	-0.732	-5.758	-2.995
3.12.08	-3.044	6.438	-1.513	-4.616	-2.735
3.12.09	-2.638	5.968	-0.668	-4.593	-1.931
3.12.10	-2.759	6.243	-0.694	-4.725	-1.935
3.12.11	-5.702	10.585	-1.659	-5.726	-2.502
3.12.12	-5.899	10.161	-1.587	-5.574	-2.899
3.12.13	-2.600	3.792	-0.533	-3.082	-2.422
3.12.14	-1.006	1.673	-0.206	-1.250	-0.789
3.12.15	-1.746	4.772	-0.545	-4.618	-2.136
3.13.01	-0.706	3.602	-0.410	-3.805	-1.318
3.13.02	-4.379	4.766	-0.791	-3.674	-4.077
3.13.03	-0.879	0.780	-0.100	-0.675	-0.874
3.13.04	-0.256	0.599	-0.069	-0.409	-0.135
3.13.05	-1.289	1.648	-0.177	-1.278	-1.096
3.14.01	-3.654	6.276	-0.866	-6.691	-4.934
3.14.02	-1.258	2.575	-0.274	-1.878	-0.834
3.14.03	-1.703	3.017	-0.350	-2.461	-1.497
3.14.04	-1.140	2.570	-0.431	-1.840	-0.840
3.15.01	-1.036	2.911	-0.340	-2.320	-0.786
3.15.02	-1.358	3.120	-0.345	-2.313	-0.897
3.15.03	-1.328	2.159	-0.245	-1.333	-0.746
3.15.04	-2.821	3.468	-0.477	-2.292	-2.123
3.15.05	-1.802	3.258	-0.567	-2.194	-1.306
3.16.01	-2.034	6.048	-0.880	-5.690	-2.557
3.16.02	-1.172	3.212	-0.671	-2.315	-0.945
3.16.03	-0.908	2.394	-0.274	-2.046	-0.834
3.16.04	-1.999	5.534	-1.152	-3.700	-1.318
3.16.05	-1.564	4.365	-0.563	-4.185	-1.947
3.16.06	-1.698	4.114	-1.528	-2.274	-1.387
3.16.07	-5.190	6.788	-1.247	-4.665	-4.314
3.16.08	-3.943	7.577	-1.945	-4.050	-2.361
3.17.01	-0.240	0.735	-0.046	-0.696	-0.247
3.17.02	-1.659	5.673	-0.791	-6.160	-2.937
3.17.03	-0.658	1.408	-0.082	-1.454	-0.785
3.17.04	-2.990	3.577	-0.622	-2.419	-2.454
3.17.05	-2.911	4.755	-0.430	-3.815	-2.401
3.17.06	-1.753	2.738	-0.493	-2.222	-1.730
3.17.07	-1.055	1.429	-0.212	-0.979	-0.817
3.17.08	-4.071	7.699	-0.857	-7.517	-4.745
3.18.01	-2.230	3.136	-0.423	-2.361	-1.878
3.18.02	-1.505	3.630	-0.393	-2.972	-1.241
3.18.03	-0.766	2.373	-0.201	-2.328	-0.921
3.18.04	-0.709	2.005	-0.209	-1.464	-0.377
3.18.05	-2.948	6.913	-0.510	-6.945	-3.489
3.18.06	-2.670	4.992	-0.798	-4.319	-2.795
3.18.07	-1.600	4.373	-0.304	-4.046	-1.576
3.18.08	-1.975	4.792	-0.296	-4.260	-1.740
3.19.01	-2.441	3.703	-0.464	-2.823	-2.025
3.19.02	-2.072	3.322	-0.508	-2.182	-1.440
3.19.03	-0.929	2.907	-0.296	-2.937	-1.254
3.19.04	-2.780	6.372	-0.831	-5.786	-3.026
3.19.05	-1.878	3.952	-0.522	-3.490	-1.938
3.19.06	-2.945	4.372	-0.689	-2.928	-2.189
3.19.07	-2.273	5.680	-0.375	-5.030	-1.999
3.20.01	-3.222	7.935	-0.716	-7.328	-3.331
3.20.02	-3.135	6.602	-0.994	-6.349	-3.875
3.20.03	-1.931	5.048	-0.411	-5.052	-2.346
3.20.04	-2.120	4.616	-0.783	-3.730	-2.017
3.20.05	-1.072	3.142	-0.378	-2.808	-1.116
3.20.06	-2.088	5.297	-0.762	-5.423	-2.977
3.20.07	-1.965	3.567	-0.552	-2.689	-1.639
3.20.08	-1.344	3.491	-0.509	-3.496	-1.858
3.21.01	-1.193	2.527	-0.129	-2.043	-0.838
3.21.02	-3.880	6.216	-0.568	-4.869	-3.101
3.21.03	-2.511	4.586	-0.600	-3.651	-2.176
3.21.04	-2.928	8.390	-1.176	-8.626	-4.340
3.21.05	-0.385	1.800	-0.088	-1.714	-0.387
3.21.06	-0.802	2.147	-0.183	-1.814	-0.653
3.21.07	-6.308	13.123	-2.055	-8.078	-3.318
3.21.08	-2.946	6.596	-0.883	-3.172	-0.405
3.21.09	-0.939	2.094	-0.094	-1.239	-0.179
3.21.10	-0.824	1.882	-0.121	-1.184	-0.248
3.22.01	-1.691	4.372	-0.408	-3.429	-1.156
3.22.02	-2.444	6.228	-0.507	-5.253	-1.976
3.22.03	-4.001	6.180	-1.120	-5.348	-4.290
3.22.04	-2.996	4.721	-0.695	-3.994	-2.964
3.22.05	-1.948	5.327	-0.802	-4.418	-1.840
3.22.06	-1.601	4.482	-0.555	-3.686	-1.360
3.22.07	-1.519	3.660	-0.374	-2.960	-1.194
3.22.08	-2.430	6.396	-0.779	-5.362	-2.176
3.22.09	-2.711	6.110	-0.592	-3.528	-0.722
3.22.10	-2.772	6.329	-0.607	-3.754	-0.803
3.22.11	-2.612	5.512	-0.658	-2.321	-0.078
3.22.12	-3.689	7.583	-1.391	-3.859	-1.357
3.23.01	-2.967	3.901	-0.688	-2.467	-2.220
3.23.02	-3.520	8.130	-0.720	-6.932	-3.043
3.23.03	-3.382	7.957	-0.677	-6.652	-2.753
3.23.04	-2.079	5.117	-0.393	-4.380	-1.734
3.23.05	-1.467	3.798	-0.446	-2.473	-0.588
3.23.06	-1.999	4.586	-0.534	-3.916	-1.863
3.23.07	-2.276	6.696	-1.666	-2.996	-0.242
3.23.08	-2.711	5.185	-0.789	-4.023	-2.338
3.23.09	-3.704	7.557	-0.998	-3.261	-0.406
3.23.10	-4.313	9.142	-1.038	-4.976	-1.185
3.23.11	-4.151	8.997	-1.014	-5.120	-1.288
3.23.12	-5.043	9.837	-1.641	-4.744	-1.590
3.24.01	-2.469	6.288	-0.566	-6.583	-3.330
3.24.02	-3.843	8.117	-1.085	-7.869	-4.680
3.24.03	-3.341	5.658	-0.834	-5.305	-3.822
3.24.04	-4.569	10.762	-1.121	-10.250	-5.178
3.24.05	-4.716	7.399	-1.129	-5.052	-3.498
3.24.06	-1.208	3.047	-0.383	-2.450	-0.994
3.24.07	-4.020	5.864	-0.902	-3.641	-2.699
3.24.08	-2.306	5.806	-0.757	-4.115	-1.373
3.24.09	-6.552	14.958	-2.329	-8.998	-2.921
3.24.10	-4.870	10.906	-2.003	-5.964	-1.931
3.24.11	-6.189	13.084	-2.540	-7.367	-3.012
3.24.12	-7.144	16.007	-2.583	-9.297	-3.017
3.25.01	-3.232	3.762	-0.800	-2.730	-3.001
3.25.02	-3.983	5.760	-0.629	-4.412	-3.263
3.25.03	-5.593	8.841	-1.041	-8.274	-6.066
3.25.04	-2.313	3.420	-0.566	-2.635	-2.094
3.25.05	-4.458	6.406	-0.767	-5.623	-4.442
3.25.06	-1.338	2.625	-0.121	-1.903	-0.737
3.25.07	-4.232	6.435	-0.716	-4.278	-2.791
3.25.08	-8.642	11.579	-1.404	-8.498	-6.966
3.25.09	-0.689	1.980	-0.253	-1.620	-0.582
3.25.10	-1.156	2.127	-0.152	-1.726	-0.907
3.26.01	-2.286	5.630	-0.500	-4.658	-1.813
3.26.02	-2.536	5.875	-0.555	-4.925	-2.142
3.26.03	-2.999	4.480	-0.733	-3.638	-2.891
3.26.04	-1.604	3.860	-0.388	-3.058	-1.191
3.26.05	-3.704	7.012	-0.643	-5.950	-3.284
3.26.06	-3.156	7.141	-0.576	-5.355	-1.946
3.26.07	-2.768	5.351	-0.865	-3.642	-1.924
3.26.08	-3.301	4.188	-0.698	-2.728	-2.539
3.26.09	-1.598	4.131	-0.301	-3.313	-1.081
3.26.10	-1.590	4.162	-0.297	-3.477	-1.202
3.26.11	-5.327	10.183	-0.909	-7.757	-3.810
3.26.12	-2.286	5.257	-0.527	-3.270	-0.827
3.27.01	-3.269	4.848	-0.778	-4.019	-3.219
3.27.02	-3.067	7.093	-0.738	-5.865	-2.578
3.27.03	-1.937	4.561	-0.436	-3.854	-1.665
3.27.04	-3.161	7.171	-0.648	-5.883	-2.521
3.27.05	-4.105	8.857	-0.761	-6.426	-2.435
3.27.06	-2.033	4.471	-0.496	-3.249	-1.306
3.27.07	-4.440	8.410	-1.380	-5.916	-3.325
3.27.08	-3.115	6.692	-0.542	-4.642	-1.606
3.27.09	-2.159	5.278	-0.450	-4.214	-1.544
3.27.10	-1.145	3.106	-0.237	-2.573	-0.850
3.28.01	-3.368	5.304	-0.825	-4.834	-3.723
3.28.02	-4.468	7.255	-1.228	-7.082	-5.522
3.28.03	-4.629	10.191	-1.123	-8.838	-4.399
3.28.04	-4.581	10.288	-1.148	-9.243	-4.684
3.28.05	-1.666	3.577	-0.366	-3.118	-1.573
3.28.06	-4.414	5.844	-0.914	-4.404	-3.888
3.28.07	-3.358	9.088	-1.234	-7.792	-3.295
3.28.08	-1.489	4.011	-0.320	-4.108	-1.906
3.28.09	-2.098	5.314	-0.660	-4.517	-1.961
3.28.10	-7.600	13.862	-1.693	-9.681	-5.112
3.28.11	-4.576	9.480	-1.375	-7.493	-3.964
3.28.12	-7.830	14.594	-1.826	-10.081	-5.143
3.29.01	-0.895	0.981	-0.104	-0.774	-0.791
3.29.02	-0.430	0.937	-0.102	-0.751	-0.346
3.29.03	-0.359	0.746	-0.091	-0.438	-0.143
3.30.01	-0.647	1.617	-0.062	-1.356	-0.448
3.30.02	-0.534	1.341	-0.077	-1.164	-0.435
3.30.03	-1.293	1.672	-0.251	-1.286	-1.158
3.31.01	-2.492	4.807	-0.451	-4.429	-2.565
3.31.02	-2.283	4.528	-0.365	-3.496	-1.615
3.31.03	-2.308	2.979	-0.336	-2.009	-1.674
3.32.01	-0.472	1.641	-0.100	-1.402	-0.334
3.32.02	-3.508	5.645	-0.649	-5.452	-3.963
3.32.03	-1.151	2.639	-0.130	-2.103	-0.745
3.33.01	-2.124	5.508	-0.367	-4.944	-1.926
3.33.02	-0.749	2.057	-0.223	-1.453	-0.368
3.33.03	-1.156	3.756	-0.510	-3.092	-1.003
3.33.04	-1.534	3.699	-0.267	-3.209	-1.311
3.34.01	-1.560	4.677	-0.291	-3.863	-1.036
3.34.02	-1.872	3.664	-0.437	-2.627	-1.272
3.34.03	-1.284	3.170	-0.451	-2.354	-0.918
3.34.04	-2.668	6.600	-0.425	-5.758	-2.252
3.35.01	-3.586	8.564	-0.601	-7.948	-3.571
3.35.02	-1.867	5.900	-0.405	-5.155	-1.527
3.35.03	-2.185	6.182	-0.397	-5.527	-1.927
3.35.04	-3.747	5.045	-0.936	-3.363	-3.001
3.36.01	-2.142	4.760	-0.279	-3.222	-0.883
3.36.02	-1.718	4.431	-0.487	-3.264	-1.038
3.36.03	-2.354	5.451	0.177	-4.388	-1.114
3.37.01	-2.759	7.362	-0.417	-6.627	-2.442
3.37.02	-1.656	4.320	-0.551	-3.330	-1.217
3.37.03	-1.815	4.582	-0.682	-4.137	-2.052
3.37.04	-2.145	5.454	-0.698	-4.614	-2.004
3.38.01	-4.153	7.916	-1.314	-7.339	-4.890
3.38.02	-2.681	6.987	-0.833	-6.508	-3.034
3.38.03	-5.487	12.891	-1.528	-11.503	-5.627
3.38.04	-2.086	5.640	-0.718	-5.941	-3.106
4.01.01	-0.044	0.002	0.043	-0.002	-0.001
4.02.01	-0.020	0.089	-0.006	-0.023	0.039
4.03.01	-0.070	0.237	-0.018	-0.117	0.032
4.04.01	-0.067	0.306	-0.054	-0.160	0.025
4.05.01	-0.086	0.402	-0.069	-0.290	-0.043
4.06.01	-0.032	0.229	-0.036	-0.117	0.043
4.06.02	-0.027	0.241	-0.045	-0.132	0.037
4.06.03	-0.009	0.074	-0.010	-0.039	0.016
4.06.04	-0.034	0.178	-0.022	-0.085	0.036
4.06.05	-0.133	0.442	-0.002	-0.227	0.081
4.06.06	-0.135	0.436	0.004	-0.205	0.102
4.06.07	-0.031	0.253	-0.045	-0.142	0.035
4.06.08	-0.036	0.187	-0.018	-0.103	0.030
4.06.09	-0.019	0.178	-0.031	-0.104	0.024
4.06.10	-0.034	0.097	0.004	-0.061	0.006
4.06.11	-0.036	0.162	0.001	-0.072	0.055
4.06.12	-0.015	0.060	-0.004	-0.028	0.013
4.07.01	-0.124	0.440	-0.019	-0.218	0.079
4.07.02	-0.135	0.477	-0.021	-0.243	0.078
4.07.03	-0.148	0.471	-0.022	-0.185	0.116
4.07.04	-0.110	0.371	-0.017	-0.156	0.087
4.07.05	-0.204	0.669	-0.032	-0.321	0.113
4.07.06	-0.235	0.750	-0.036	-0.397	0.083
4.07.07	-0.149	0.479	-0.021	-0.207	0.102
4.07.08	-0.100	0.340	-0.014	-0.186	0.040
4.07.09	-0.138	0.481	-0.019	-0.230	0.094
4.07.10	-0.127	0.427	-0.020	-0.191	0.089
4.07.11	-0.117	0.389	-0.017	-0.157	0.097
4.07.12	-0.110	0.370	-0.019	-0.151	0.091
4.08.01	-0.359	1.087	-0.067	-0.738	-0.076
4.08.02	-0.342	1.033	-0.062	-0.667	-0.039
4.08.03	-0.573	1.612	-0.120	-1.253	-0.333
4.08.04	-0.731	1.935	-0.129	-1.808	-0.733
4.08.05	-0.370	1.192	-0.079	-0.906	-0.163
4.08.06	-0.336	1.091	-0.072	-0.787	-0.104
4.08.07	-0.251	0.808	-0.050	-0.659	-0.152
4.08.08	-0.372	1.179	-0.074	-0.869	-0.135
4.08.09	-0.319	1.060	-0.071	-0.779	-0.109
4.08.10	-0.340	1.111	-0.075	-0.837	-0.141
4.08.11	-0.179	0.560	-0.041	-0.308	0.031
4.08.12	-0.097	0.424	-0.064	-0.317	-0.055
4.09.01	-0.546	1.592	-0.085	-1.263	-0.301
4.09.02	-0.451	1.385	-0.095	-1.055	-0.216
4.09.03	-0.636	1.632	-0.172	-1.241	-0.417
4.09.04	-0.771	1.993	-0.142	-1.503	-0.424
4.09.05	-0.928	2.394	-0.236	-2.113	-0.882
4.09.06	-1.021	2.572	-0.226	-2.626	-1.301
4.09.07	-0.547	1.630	-0.098	-1.270	-0.286
4.09.08	-0.622	1.834	-0.110	-1.536	-0.433
4.09.09	-0.472	1.455	-0.090	-1.122	-0.229
4.09.10	-0.503	1.531	-0.097	-1.215	-0.284
4.09.11	-0.415	1.225	-0.114	-0.855	-0.160
4.09.12	-0.394	1.196	-0.114	-0.870	-0.182
4.10.01	-0.578	1.995	-0.184	-2.004	-0.772
4.10.02	-0.595	1.889	-0.168	-1.860	-0.734
4.10.03	-1.212	2.944	-0.295	-3.298	-1.860
4.10.04	-1.518	3.597	-0.330	-4.617	-2.867
4.10.05	-0.659	2.211	-0.195	-2.240	-0.883
4.10.06	-0.832	2.554	-0.221	-2.658	-1.157
4.10.07	-0.552	1.938	-0.185	-1.948	-0.746
4.10.08	-1.083	2.724	-0.274	-2.896	-1.530
4.10.09	-0.384	1.332	-0.145	-1.206	-0.403
4.10.10	-0.561	1.581	-0.140	-1.607	-0.726
4.10.11	-0.342	1.025	-0.103	-0.840	-0.260
4.11.01	-0.102	0.297	0.008	-0.204	-0.001
4.11.02	-0.030	0.178	-0.018	-0.075	0.055
4.11.03	-0.042	0.194	-0.021	-0.076	0.054
4.11.04	0.005	0.000	-0.006	-0.002	-0.002
4.11.05	-0.058	0.227	-0.016	-0.107	0.046
4.11.06	-0.011	0.104	-0.010	-0.038	0.044
4.11.07	-0.113	0.335	-0.001	-0.217	0.004
4.11.08	-0.052	0.221	-0.014	-0.104	0.051
4.12.01	-0.167	0.606	-0.024	-0.327	0.088
4.12.02	-0.091	0.332	-0.028	-0.133	0.080
4.12.03	-0.086	0.311	-0.012	-0.126	0.087
4.12.04	-0.050	0.207	-0.010	-0.083	0.063
4.12.05	-0.134	0.488	-0.021	-0.278	0.055
4.12.06	-0.078	0.246	-0.025	-0.084	0.060
4.12.07	-0.098	0.376	-0.036	-0.172	0.070
4.12.08	-0.045	0.182	-0.005	-0.073	0.059
4.12.09	-0.084	0.334	-0.015	-0.169	0.066
4.13.01	-0.409	1.331	-0.071	-1.203	-0.352
4.13.02	-0.250	0.854	-0.118	-0.508	-0.022
4.13.03	-0.133	0.488	-0.041	-0.286	0.028
4.13.04	-0.154	0.544	-0.044	-0.350	-0.004
4.13.05	-0.341	1.098	-0.077	-0.846	-0.166
4.13.06	-0.270	0.975	-0.158	-0.632	-0.085
4.13.07	-0.261	0.906	-0.140	-0.510	-0.006
4.13.08	-0.216	0.769	-0.064	-0.584	-0.095
4.13.09	-0.106	0.407	-0.013	-0.244	0.044
4.14.01	-0.589	1.768	-0.098	-1.672	-0.591
4.14.02	-0.195	0.659	-0.057	-0.393	0.014
4.14.03	-0.390	1.186	-0.170	-0.715	-0.089
4.14.04	-0.366	1.121	-0.082	-0.707	-0.033
4.14.05	-0.363	1.252	-0.227	-0.849	-0.186
4.14.06	-0.491	1.434	-0.100	-1.155	-0.312
4.14.07	-0.362	1.231	-0.226	-0.713	-0.070
4.14.08	-0.131	0.509	-0.029	-0.324	0.026
4.14.09	-0.297	1.023	-0.104	-0.799	-0.176
4.15.01	-0.827	2.301	-0.151	-2.744	-1.420
4.15.02	-0.260	0.889	-0.099	-0.712	-0.182
4.15.03	-0.517	1.576	-0.142	-1.288	-0.370
4.15.04	-0.547	1.724	-0.352	-1.261	-0.437
4.15.05	-0.512	1.742	-0.384	-1.466	-0.620
4.15.06	-0.714	1.994	-0.181	-1.994	-0.896
4.15.07	-0.191	0.674	-0.038	-0.581	-0.135
4.15.08	-0.621	1.581	-0.129	-1.496	-0.664
4.16.01	-0.043	0.125	-0.006	-0.065	0.011
4.16.02	0.014	0.186	-0.045	-0.148	0.008
4.16.03	0.002	0.145	-0.034	-0.088	0.025
4.16.04	-0.057	0.221	-0.026	-0.127	0.010
4.16.05	-0.038	0.137	-0.017	-0.068	0.014
4.17.01	-0.110	0.405	-0.023	-0.228	0.044
4.17.02	-0.104	0.353	-0.066	-0.133	0.050
4.17.03	-0.083	0.320	-0.018	-0.199	0.020
4.17.04	-0.112	0.398	-0.026	-0.219	0.041
4.17.05	-0.073	0.276	-0.020	-0.131	0.052
4.17.06	-0.066	0.262	-0.020	-0.112	0.063
4.18.01	-0.359	1.105	-0.091	-0.872	-0.216
4.18.02	-0.334	1.125	-0.111	-0.954	-0.273
4.18.03	-0.318	0.984	-0.093	-0.868	-0.296
4.18.04	-0.201	0.683	-0.104	-0.405	-0.027
4.18.05	-0.313	1.069	-0.107	-0.862	-0.213
4.18.06	-0.178	0.642	-0.061	-0.424	-0.021
4.19.01	-0.542	1.509	-0.128	-1.203	-0.364
4.19.02	-0.266	1.315	-0.412	-0.676	-0.040
4.19.03	-0.476	1.362	-0.142	-1.012	-0.268
4.19.04	-0.275	0.923	-0.158	-0.559	-0.069
4.19.05	-0.441	1.437	-0.154	-1.199	-0.358
4.19.06	-0.272	0.847	-0.064	-0.567	-0.055
4.20.01	-0.778	2.007	-0.252	-2.078	-1.101
4.20.02	-0.285	0.917	-0.067	-0.920	-0.355
4.20.03	-0.397	1.782	-0.622	-1.129	-0.365
4.20.04	-0.621	1.959	-0.254	-2.016	-0.932
4.20.05	-0.378	1.344	-0.263	-1.022	-0.318
4.20.06	-0.363	1.155	-0.128	-0.963	-0.298
4.21.01	0.001	0.052	-0.014	-0.030	0.009
4.21.02	0.002	0.232	-0.095	-0.136	0.002
4.21.03	-0.031	0.099	-0.006	-0.048	0.014
4.21.04	-0.013	0.153	-0.032	-0.097	0.011
4.22.01	-0.140	0.486	-0.016	-0.259	0.072
4.22.02	-0.082	0.288	-0.012	-0.122	0.073
4.22.03	-0.128	0.411	-0.019	-0.212	0.052
4.22.04	-0.164	0.541	-0.033	-0.275	0.069
4.23.01	-0.417	1.303	-0.057	-1.094	-0.265
4.23.02	-0.199	0.701	-0.046	-0.473	-0.017
4.23.03	-0.422	1.420	-0.126	-1.120	-0.249
4.23.04	-0.318	0.987	-0.066	-0.861	-0.258
4.24.01	-0.621	1.776	-0.076	-1.563	-0.483
4.24.02	-0.246	0.902	-0.085	-0.656	-0.086
4.24.03	-0.618	1.917	-0.150	-1.587	-0.439
4.24.04	-0.449	1.338	-0.094	-1.231	-0.436
4.25.01	-0.844	2.348	-0.147	-2.613	-1.256
4.25.02	-0.568	1.783	-0.153	-2.121	-1.059
4.25.03	-0.744	2.523	-0.284	-2.719	-1.224
4.26.01	-0.040	0.165	-0.018	-0.089	0.018
4.26.02	-0.041	0.214	-0.034	-0.107	0.032
4.26.03	-0.012	0.220	-0.060	-0.078	0.069
4.26.04	0.006	0.107	-0.039	-0.035	0.038
4.27.01	-0.212	0.703	-0.028	-0.308	0.154
4.27.02	-0.094	0.317	-0.016	-0.111	0.096
4.27.03	-0.128	0.440	-0.022	-0.171	0.120
4.27.04	-0.181	0.546	-0.028	-0.229	0.107
4.27.05	-0.110	0.329	-0.017	-0.108	0.094
4.28.01	-0.614	1.764	-0.113	-1.335	-0.298
4.28.02	-0.576	1.544	-0.141	-1.088	-0.261
4.28.03	-0.242	0.752	-0.074	-0.418	0.018
4.28.04	-0.379	1.195	-0.110	-0.738	-0.033
4.28.05	-0.398	1.190	-0.118	-0.651	0.023
4.29.01	-0.897	2.350	-0.156	-1.941	-0.644
4.29.02	-0.348	0.995	-0.100	-0.588	-0.040
4.29.03	-0.553	1.618	-0.157	-1.065	-0.157
4.29.04	-0.879	2.096	-0.170	-1.612	-0.565
4.29.05	-0.649	1.587	-0.119	-0.793	0.026
4.30.01	-1.232	3.107	-0.268	-3.508	-1.901
4.30.02	-0.437	1.347	-0.163	-1.130	-0.383
4.30.03	-1.150	2.994	-0.375	-3.188	-1.719
4.30.04	-0.724	2.255	-0.269	-2.052	-0.791
4.30.05	-0.777	2.199	-0.274	-1.656	-0.508
4.31.01	-0.114	0.415	-0.019	-0.197	0.085
4.31.02	-0.024	0.191	-0.031	-0.086	0.050
4.31.03	-0.038	0.172	-0.010	-0.074	0.050
4.31.04	0.008	0.074	-0.027	-0.038	0.018
4.31.05	-0.026	0.196	-0.032	-0.079	0.059
4.31.06	0.000	0.006	0.003	-0.012	-0.003
4.31.07	-0.064	0.272	-0.034	-0.142	0.032
4.32.01	-0.183	0.612	-0.027	-0.277	0.124
4.32.02	-0.198	0.606	-0.031	-0.258	0.120
4.32.03	-0.155	0.500	-0.026	-0.206	0.113
4.32.04	-0.076	0.230	-0.013	-0.078	0.064
4.32.05	-0.126	0.430	-0.016	-0.166	0.121
4.32.06	-0.159	0.535	-0.030	-0.248	0.098
4.32.07	-0.163	0.516	-0.033	-0.226	0.095
4.33.01	-0.564	1.565	-0.122	-1.191	-0.312
4.33.02	-0.326	0.990	-0.102	-0.644	-0.082
4.33.03	-0.610	1.687	-0.132	-1.156	-0.210
4.33.04	-0.315	0.967	-0.096	-0.622	-0.065
4.33.05	-0.337	1.054	-0.067	-0.664	-0.014
4.33.06	-0.432	1.346	-0.116	-1.004	-0.206
4.33.07	-0.511	1.476	-0.135	-0.992	-0.162
4.34.01	-0.824	2.066	-0.169	-1.712	-0.639
4.34.02	-0.679	1.827	-0.167	-1.275	-0.294
4.34.03	-0.985	2.548	-0.166	-1.590	-0.192
4.34.04	-0.867	2.269	-0.204	-1.656	-0.458
4.34.05	-0.492	1.388	-0.081	-0.944	-0.130
4.34.06	-0.907	2.313	-0.198	-1.431	-0.223
4.34.07	-0.609	1.814	-0.171	-1.427	-0.394
4.35.01	-1.211	2.875	-0.288	-3.121	-1.744
4.35.02	-1.268	3.343	-0.233	-2.978	-1.136
4.35.03	-0.934	2.529	-0.288	-2.368	-1.060
4.35.04	-0.602	1.775	-0.232	-1.622	-0.681
4.35.05	-1.172	3.004	-0.330	-2.686	-1.185
4.35.06	-0.659	1.852	-0.140	-1.819	-0.766
4.35.07	-0.956	2.505	-0.230	-2.485	-1.166
4.36.01	0.020	0.054	-0.028	-0.038	0.008
4.36.02	-0.132	0.377	-0.040	-0.223	-0.018
4.36.03	-0.027	0.141	-0.019	-0.060	0.034
4.37.01	-0.057	0.227	-0.013	-0.111	0.046
4.37.02	-0.108	0.372	-0.017	-0.176	0.072
4.37.03	-0.049	0.200	-0.004	-0.115	0.032
4.38.01	-0.138	0.523	-0.019	-0.385	-0.020
4.38.02	-0.323	0.939	-0.063	-0.617	-0.064
4.38.03	-0.161	0.558	-0.056	-0.357	-0.017
4.39.01	-0.111	0.389	-0.022	-0.212	0.044
4.39.02	-0.869	2.218	-0.174	-2.023	-0.848
4.39.03	-0.205	0.652	-0.008	-0.486	-0.047
4.40.01	-1.216	3.121	-0.325	-3.427	-1.847
4.40.02	-0.188	0.546	-0.028	-0.358	-0.029
4.40.03	-0.301	0.919	-0.040	-0.786	-0.208
4.41.01	-0.038	0.214	-0.040	-0.100	0.037
4.41.02	-0.007	0.081	-0.007	-0.034	0.033
4.41.03	-0.087	0.299	-0.031	-0.173	0.008
4.42.01	-0.129	0.427	-0.016	-0.183	0.099
4.42.02	-0.190	0.584	-0.029	-0.288	0.077
4.42.03	-0.111	0.404	-0.027	-0.185	0.081
4.43.01	-0.402	1.265	-0.061	-0.795	0.008
4.43.02	-0.242	0.767	-0.046	-0.404	0.074
4.43.03	-0.348	1.134	-0.113	-0.726	-0.053
4.44.01	-0.539	1.667	-0.125	-1.055	-0.052
4.44.02	-0.512	1.502	-0.142	-1.003	-0.154
4.44.03	-0.533	1.667	-0.120	-1.115	-0.102
4.45.01	-0.694	2.067	-0.264	-1.793	-0.684
4.45.02	-0.499	1.523	-0.212	-1.218	-0.407
4.45.03	-0.495	1.353	-0.101	-1.049	-0.291
4.46.01	0.090	0.080	-0.107	-0.027	0.036
4.46.02	-0.023	0.140	-0.029	-0.056	0.033
4.46.03	-0.003	0.101	-0.031	-0.042	0.024
4.47.01	-0.090	0.297	-0.016	-0.106	0.086
4.47.02	-0.222	0.652	-0.022	-0.225	0.183
4.47.03	-0.146	0.499	-0.031	-0.211	0.111
4.48.01	-0.486	1.508	-0.102	-0.941	-0.022
4.48.02	-0.403	1.272	-0.128	-0.821	-0.080
4.48.03	-0.272	0.865	-0.076	-0.543	-0.027
4.49.01	-0.732	1.188	0.099	-0.775	-0.220
4.49.02	-0.387	0.855	-0.028	-0.545	-0.106
4.49.03	-0.672	1.999	-0.177	-1.284	-0.134
4.50.01	-0.578	1.516	-0.106	-1.308	-0.474
4.50.02	-0.953	2.550	-0.156	-2.416	-0.975
4.50.03	-0.782	2.273	-0.289	-2.083	-0.881
4.51.01	0.019	0.062	-0.038	-0.032	0.011
4.51.02	-0.063	0.275	-0.044	-0.135	0.033
4.51.03	-0.024	0.190	-0.031	-0.092	0.042
4.52.01	-0.292	0.820	-0.041	-0.298	0.189
4.52.02	-0.121	0.393	-0.021	-0.173	0.078
4.52.03	-0.177	0.573	-0.037	-0.261	0.098
4.53.01	-0.527	1.578	-0.149	-1.122	-0.221
4.53.02	-0.740	2.068	-0.133	-1.338	-0.143
4.53.03	-0.398	1.177	-0.082	-0.763	-0.067
4.54.01	-1.060	2.738	-0.175	-1.947	-0.444
4.54.02	-1.019	2.631	-0.145	-1.921	-0.454
4.54.03	-0.752	2.026	-0.168	-1.580	-0.474
4.55.01	-1.227	3.418	-0.279	-3.591	-1.680
4.55.02	-1.166	3.285	-0.256	-3.546	-1.684
4.55.03	-0.896	2.660	-0.331	-2.888	-1.455
4.56.01	-0.136	0.000	0.135	0.000	-0.001
4.57.01	0.006	0.029	-0.012	-0.008	0.015
4.58.01	-0.026	0.042	0.018	-0.014	0.020
4.59.01	0.148	0.042	-0.156	-0.015	0.018
4.60.01	0.015	0.043	-0.031	-0.022	0.005
4.61.01	-0.012	0.058	-0.001	-0.017	0.028
4.62.01	-0.042	0.165	-0.006	-0.046	0.071
4.63.01	-0.058	0.165	0.006	-0.051	0.062
4.64.01	-0.067	0.207	-0.005	-0.080	0.054
4.65.01	-0.091	0.315	-0.011	-0.136	0.078
4.66.01	-0.092	0.407	-0.052	-0.181	0.083
4.67.01	-0.170	0.532	-0.032	-0.334	-0.003
4.68.01	-0.546	0.522	0.348	-0.246	0.078
4.69.01	-0.238	0.652	-0.023	-0.462	-0.071
4.70.01	-0.252	0.791	-0.089	-0.876	-0.426
