# SAPT(DFT) benchmark energies with the asymptotically corrected PBE0 potential for IHB100x10
# All energy units have been converted to kcal/mol
# The DFT-SAPT calculations have been performed by E. Masumian and A. D. Boese (https://doi.org/10.1021/acs.jctc.3c00801)

System             Elst         Exch          Ind         deltaHF         Disp           Total     
01.001_080       -22.934        86.884       -44.680       -20.971       -10.756       -12.457
01.001_085       -20.926        68.105       -36.334       -18.006        -9.034       -16.194
01.001_090       -18.691        53.215       -30.004       -15.158        -7.632       -18.271
01.001_095       -16.487        41.464       -25.120       -12.594        -6.480       -19.217
01.001_100       -14.443        32.227       -21.288       -10.371        -5.527       -19.401
01.001_105       -12.611        24.993       -18.232        -8.490        -4.731       -19.070
01.001_110       -11.004        19.346       -15.759        -6.924        -4.060       -18.401
01.001_125        -7.387         8.885       -10.635        -3.722        -2.599       -15.457
01.001_150        -4.076         2.372        -6.112        -1.338        -1.276       -10.430
01.001_200        -1.627         0.161        -2.525        -0.201        -0.350        -4.542
02.001_080       -44.910        76.286       -27.181       -14.453        -9.239       -19.496
02.001_085       -39.938        58.456       -21.556       -11.928        -7.651       -22.616
02.001_090       -35.624        44.680       -17.487        -9.652        -6.377       -24.460
02.001_095       -31.937        34.078       -14.472        -7.714        -5.346       -25.392
02.001_100       -28.807        25.945       -12.184        -6.119        -4.503       -25.669
02.001_105       -26.153        19.723       -10.406        -4.834        -3.810       -25.481
02.001_110       -23.899        14.973        -8.995        -3.813        -3.228       -24.962
02.001_125       -18.894         6.516        -6.129        -1.886        -1.993       -22.386
02.001_150       -13.937         1.612        -3.611        -0.634        -0.929       -17.499
02.001_200        -8.955         0.099        -1.552        -0.105        -0.234       -10.748
02.002_080       -58.472        94.047       -35.503       -18.734       -11.405       -30.067
02.002_085       -52.904        73.523       -28.266       -16.013        -9.554       -33.214
02.002_090       -47.904        57.331       -22.995       -13.374        -8.062       -35.004
02.002_095       -43.510        44.610       -19.075       -11.004        -6.842       -35.821
02.002_100       -39.696        34.649       -16.098        -8.966        -5.838       -35.949
02.002_105       -36.403        26.871       -13.787        -7.261        -4.993       -35.573
02.002_110       -33.561        20.812       -11.956        -5.860        -4.287       -34.852
02.002_125       -27.110         9.613        -8.250        -3.073        -2.756       -31.575
02.002_150       -20.530         2.620        -4.988        -1.101        -1.366       -25.364
02.002_200       -13.669         0.192        -2.249        -0.193        -0.382       -16.302
02.003_080       -47.713        90.598       -33.370       -18.286       -11.291       -20.062
02.003_085       -42.282        70.570       -26.390       -15.554        -9.450       -23.105
02.003_090       -37.444        54.824       -21.323       -12.924        -7.962       -24.829
02.003_095       -33.232        42.494       -17.567       -10.575        -6.749       -25.629
02.003_100       -29.610        32.874       -14.724        -8.566        -5.746       -25.772
02.003_105       -26.516        25.390       -12.524        -6.893        -4.918       -25.461
02.003_110       -23.877        19.582       -10.788        -5.524        -4.198       -24.806
02.003_125       -18.039         8.924        -7.300        -2.827        -2.672       -21.914
02.003_150       -12.442         2.371        -4.288        -0.961        -1.305       -16.625
02.003_200        -7.301         0.163        -1.850        -0.148        -0.352        -9.488
02.004_080       -40.212        62.784       -20.721       -10.694        -8.596       -17.439
02.004_085       -35.409        47.403       -16.572        -8.621        -7.184       -20.383
02.004_090       -31.440        35.733       -13.591        -6.837        -6.032       -22.167
02.004_095       -28.176        26.903       -11.387        -5.369        -5.089       -23.119
02.004_100       -25.491        20.237        -9.711        -4.195        -4.304       -23.464
02.004_105       -23.270        15.213        -8.402        -3.273        -3.649       -23.382
02.004_110       -21.420        11.431        -7.355        -2.555        -3.102       -23.001
02.004_125       -17.404         4.845        -5.181        -1.243        -1.928       -20.912
02.004_150       -13.452         1.160        -3.176        -0.423        -0.904       -16.796
02.004_200        -9.243         0.067        -1.415        -0.077        -0.232       -10.899
02.005_080       -36.987        59.955       -12.742        -7.891       -10.019        -7.684
02.005_085       -31.035        44.232       -10.246        -6.127        -8.414       -11.590
02.005_090       -26.335        32.528        -8.442        -4.693        -7.084       -14.027
02.005_095       -22.620        23.850        -7.092        -3.564        -5.974       -15.400
02.005_100       -19.670        17.438        -6.050        -2.693        -5.042       -16.017
02.005_105       -17.314        12.712        -5.222        -2.032        -4.258       -16.113
02.005_110       -15.417         9.243        -4.550        -1.533        -3.602       -15.858
02.005_125       -11.557         3.503        -3.135        -0.671        -2.193       -14.053
02.005_150        -8.211         0.668        -1.838        -0.194        -0.992       -10.566
02.005_200        -5.200         0.022        -0.772        -0.029        -0.248        -6.227
02.006_080       -39.937        66.079       -19.831       -12.098        -9.162       -14.949
02.006_085       -35.058        50.025       -15.534        -9.720        -7.663       -17.949
02.006_090       -30.944        37.805       -12.492        -7.676        -6.456       -19.762
02.006_095       -27.506        28.532       -10.278        -5.998        -5.473       -20.724
02.006_100       -24.639        21.512        -8.622        -4.659        -4.659       -21.067
02.006_105       -22.244        16.205        -7.349        -3.610        -3.984       -20.983
02.006_110       -20.234        12.199        -6.348        -2.797        -3.422       -20.602
02.006_125       -15.851         5.188        -4.335        -1.323        -2.197       -18.518
02.006_150       -11.616         1.244        -2.585        -0.427        -1.103       -14.487
02.006_200        -7.450         0.073        -1.155        -0.073        -0.333        -8.938
02.007_080       -52.238        86.247       -28.018       -17.110       -11.290       -22.409
02.007_085       -46.601        66.895       -21.944       -14.292        -9.509       -25.451
02.007_090       -41.652        51.788       -17.599       -11.691        -8.068       -27.222
02.007_095       -37.380        40.036       -14.420        -9.435        -6.891       -28.091
02.007_100       -33.721        30.919       -12.041        -7.549        -5.912       -28.305
02.007_105       -30.599        23.861       -10.219        -6.009        -5.101       -28.067
02.007_110       -27.933        18.402        -8.792        -4.772        -4.424       -27.518
02.007_125       -21.983         8.423        -5.955        -2.395        -2.919       -24.829
02.007_150       -16.116         2.283        -3.534        -0.814        -1.528       -19.709
02.007_200       -10.359         0.170        -1.577        -0.140        -0.482       -12.388
02.008_080       -30.715        58.665       -16.485        -9.772       -10.880        -9.188
02.008_085       -26.009        43.833       -13.095        -7.702        -9.227       -12.199
02.008_090       -22.200        32.701       -10.700        -5.979        -7.867       -14.044
02.008_095       -19.129        24.365        -8.955        -4.599        -6.728       -15.047
02.008_100       -16.655        18.136        -7.642        -3.523        -5.782       -15.466
02.008_105       -14.654        13.488        -6.625        -2.695        -4.983       -15.469
02.008_110       -13.026        10.022        -5.817        -2.065        -4.305       -15.190
02.008_125        -9.662         4.099        -4.152        -0.955        -2.815       -13.485
02.008_150        -6.705         0.918        -2.628        -0.310        -1.448       -10.172
02.008_200        -4.089         0.046        -1.270        -0.061        -0.457        -5.831
02.009_080       -36.481        56.665       -15.601        -9.380        -8.841       -13.637
02.009_085       -31.606        42.189       -12.258        -7.401        -7.402       -16.478
02.009_090       -27.648        31.349        -9.916        -5.742        -6.238       -18.195
02.009_095       -24.441        23.259        -8.218        -4.412        -5.281       -19.093
02.009_100       -21.838        17.235        -6.945        -3.375        -4.483       -19.405
02.009_105       -19.713        12.757        -5.961        -2.579        -3.822       -19.317
02.009_110       -17.964         9.434        -5.180        -1.975        -3.269       -18.953
02.009_125       -14.245         3.795        -3.583        -0.913        -2.079       -17.024
02.009_150       -10.725         0.823        -2.156        -0.294        -1.018       -13.371
02.009_200        -7.163         0.038        -0.969        -0.052        -0.295        -8.441
02.010_080       -49.528        74.799       -22.145       -13.252       -11.209       -21.335
02.010_085       -43.590        57.000       -17.392       -10.874        -9.459       -24.315
02.010_090       -38.604        43.349       -14.043        -8.737        -8.039       -26.075
02.010_095       -34.448        32.913       -11.615        -6.930        -6.870       -26.950
02.010_100       -30.991        24.957        -9.801        -5.455        -5.901       -27.190
02.010_105       -28.110        18.905        -8.405        -4.279        -5.091       -26.979
02.010_110       -25.697        14.308        -7.303        -3.354        -4.397       -26.444
02.010_125       -20.452         6.174        -5.064        -1.639        -2.881       -23.862
02.010_150       -15.382         1.503        -3.071        -0.555        -1.483       -18.988
02.010_200       -10.270         0.088        -1.400        -0.102        -0.458       -12.143
02.011_080       -37.597        60.702       -16.943       -10.196        -9.626       -13.660
02.011_085       -32.513        45.472       -13.312        -8.110        -8.080       -16.544
02.011_090       -28.350        33.997       -10.765        -6.336        -6.830       -18.284
02.011_095       -24.954        25.380        -8.920        -4.898        -5.808       -19.198
02.011_100       -22.181        18.923        -7.538        -3.765        -4.959       -19.519
02.011_105       -19.908        14.094        -6.473        -2.889        -4.243       -19.418
02.011_110       -18.031        10.489        -5.628        -2.219        -3.643       -19.032
02.011_125       -14.035         4.300        -3.903        -1.030        -2.344       -17.012
02.011_150       -10.278         0.962        -2.365        -0.329        -1.175       -13.185
02.011_200        -6.587         0.047        -1.077        -0.057        -0.353        -8.027
02.012_080       -31.091        51.453       -13.212        -7.932        -8.718        -9.499
02.012_085       -26.293        37.906       -10.373        -6.184        -7.322       -12.266
02.012_090       -22.515        27.873        -8.395        -4.742        -6.177       -13.956
02.012_095       -19.541        20.466        -6.966        -3.602        -5.239       -14.883
02.012_100       -17.190        15.004        -5.897        -2.724        -4.445       -15.253
02.012_105       -15.320        10.987        -5.070        -2.059        -3.784       -15.247
02.012_110       -13.818         8.036        -4.413        -1.559        -3.227       -14.982
02.012_125       -10.758         3.125        -3.062        -0.699        -2.029       -13.423
02.012_150        -8.043         0.638        -1.844        -0.214        -0.975       -10.438
02.012_200        -5.416         0.026        -0.825        -0.035        -0.273        -6.523
02.013_080       -46.608        57.604       -15.209        -7.154       -10.111       -21.479
02.013_085       -41.672        44.705       -12.744        -5.887        -8.757       -24.355
02.013_090       -37.600        34.865       -10.957        -4.830        -7.628       -26.151
02.013_095       -34.213        27.309        -9.600        -3.969        -6.667       -27.140
02.013_100       -31.367        21.465        -8.522        -3.272        -5.841       -27.538
02.013_105       -28.948        16.910        -7.636        -2.708        -5.127       -27.509
02.013_110       -26.870        13.341        -6.885        -2.248        -4.503       -27.165
02.013_125       -22.080         6.537        -5.159        -1.300        -3.064       -25.067
02.013_150       -16.912         1.898        -3.301        -0.535        -1.619       -20.468
02.013_200       -11.075         0.125        -1.469        -0.106        -0.474       -12.999
02.014_080       -24.135        40.484       -10.640        -3.944        -9.089        -7.324
02.014_085       -20.198        29.857        -9.001        -3.227        -7.646       -10.214
02.014_090       -17.075        21.861        -7.713        -2.578        -6.439       -11.944
02.014_095       -14.591        15.896        -6.678        -2.027        -5.426       -12.826
02.014_100       -12.601        11.483        -5.828        -1.579        -4.571       -13.097
02.014_105       -10.997         8.242        -5.120        -1.225        -3.845       -12.943
02.014_110        -9.696         5.882        -4.522        -0.949        -3.235       -12.520
02.014_125        -6.988         2.070        -3.199        -0.449        -1.950       -10.518
02.014_150        -4.584         0.334        -1.926        -0.147        -0.876        -7.198
02.014_200        -2.463         0.007        -0.839        -0.024        -0.225        -3.545
02.015_080       -39.151        62.036       -13.320        -8.336       -10.380        -9.152
02.015_085       -33.037        44.484       -10.410        -6.205        -8.577       -13.745
02.015_090       -28.305        31.863        -8.395        -4.570        -7.121       -16.529
02.015_095       -24.625        22.805        -6.944        -3.351        -5.927       -18.043
02.015_100       -21.737        16.309        -5.860        -2.457        -4.948       -18.693
02.015_105       -19.445        11.656        -5.022        -1.808        -4.138       -18.757
02.015_110       -17.603         8.329        -4.356        -1.338        -3.469       -18.438
02.015_125       -13.811         3.033        -2.991        -0.573        -2.075       -16.418
02.015_150       -10.327         0.563        -1.764        -0.176        -0.927       -12.631
02.015_200        -6.847         0.020        -0.751        -0.031        -0.235        -7.846
03.001_080       -27.085        53.004       -21.368        -9.156        -7.763       -12.369
03.001_085       -23.867        39.339       -17.274        -7.275        -6.289       -15.367
03.001_090       -21.156        29.083       -14.286        -5.678        -5.142       -17.177
03.001_095       -18.896        21.424       -12.038        -4.384        -4.224       -18.118
03.001_100       -17.020        15.729       -10.299        -3.367        -3.488       -18.445
03.001_105       -15.459        11.513        -8.919        -2.582        -2.895       -18.343
03.001_110       -14.154         8.402        -7.801        -1.983        -2.408       -17.944
03.001_125       -11.310         3.217        -5.449        -0.925        -1.416       -15.883
03.001_150        -8.517         0.622        -3.289        -0.303        -0.620       -12.106
03.001_200        -5.624         0.021        -1.471        -0.055        -0.148        -7.278
03.002_080       -49.789        77.727       -29.108       -14.349       -10.115       -25.634
03.002_085       -45.090        59.870       -23.118       -12.071        -8.280       -28.690
03.002_090       -40.909        45.973       -18.769        -9.912        -6.824       -30.441
03.002_095       -37.257        35.205       -15.539        -8.011        -5.663       -31.265
03.002_100       -34.096        26.894       -13.085        -6.410        -4.734       -31.431
03.002_105       -31.369        20.499       -11.177        -5.098        -3.963       -31.107
03.002_110       -29.015        15.594        -9.663        -4.041        -3.338       -30.463
03.002_125       -23.643         6.798        -6.588        -2.014        -2.032       -27.479
03.002_150       -18.071         1.661        -3.883        -0.676        -0.928       -21.896
03.002_200       -12.130         0.093        -1.669        -0.112        -0.226       -14.044
03.003_080       -38.895        59.117       -14.683        -9.358        -8.365       -12.184
03.003_085       -33.557        44.798       -11.311        -7.576        -6.937       -14.584
03.003_090       -29.149        33.901        -8.965        -6.011        -5.785       -16.010
03.003_095       -25.520        25.624        -7.288        -4.707        -4.850       -16.741
03.003_100       -22.529        19.347        -6.053        -3.656        -4.092       -16.982
03.003_105       -20.056        14.595        -5.116        -2.827        -3.464       -16.869
03.003_110       -17.999        11.000        -4.388        -2.183        -2.940       -16.509
03.003_125       -13.582         4.686        -2.937        -1.015        -1.822       -14.670
03.003_150        -9.448         1.112        -1.676        -0.316        -0.851       -11.179
03.003_200        -5.620         0.060        -0.662        -0.051        -0.215        -6.488
03.004_080       -32.178        53.747       -14.042        -6.927       -10.030        -9.430
03.004_085       -27.257        40.854       -11.231        -5.585        -8.519       -11.737
03.004_090       -23.290        31.108        -9.266        -4.432        -7.285       -13.164
03.004_095       -20.086        23.733        -7.847        -3.489        -6.259       -13.947
03.004_100       -17.485        18.143        -6.789        -2.739        -5.401       -14.271
03.004_105       -15.359        13.898        -5.973        -2.154        -4.674       -14.261
03.004_110       -13.605        10.668        -5.323        -1.700        -4.055       -14.015
03.004_125        -9.870         4.875        -3.962        -0.872        -2.675       -12.504
03.004_150        -6.395         1.354        -2.616        -0.341        -1.381        -9.379
03.004_200        -3.257         0.106        -1.246        -0.079        -0.411        -4.887
03.005_080       -38.210        59.318       -17.713       -10.226        -8.397       -15.229
03.005_085       -33.769        44.606       -13.807        -8.211        -6.892       -18.072
03.005_090       -30.024        33.455       -11.044        -6.463        -5.712       -19.789
03.005_095       -26.890        25.031        -9.035        -5.024        -4.769       -20.687
03.005_100       -24.273        18.692        -7.533        -3.876        -3.993       -20.983
03.005_105       -22.082        13.930        -6.380        -2.979        -3.364       -20.876
03.005_110       -20.238        10.359        -5.474        -2.288        -2.844       -20.485
03.005_125       -16.188         4.223        -3.657        -1.053        -1.755       -18.429
03.005_150       -12.194         0.921        -2.098        -0.326        -0.830       -14.527
03.005_200        -8.117         0.041        -0.880        -0.053        -0.224        -9.234
03.006_080       -39.984        74.349       -21.367       -13.423       -14.460       -14.885
03.006_085       -34.218        56.515       -16.906       -11.078       -12.272       -17.959
03.006_090       -29.457        42.870       -13.738        -8.964       -10.444       -19.733
03.006_095       -25.552        32.469       -11.427        -7.161        -8.946       -20.616
03.006_100       -22.353        24.552        -9.692        -5.675        -7.693       -20.861
03.006_105       -19.728        18.535        -8.355        -4.477        -6.645       -20.670
03.006_110       -17.567        13.976        -7.297        -3.525        -5.748       -20.161
03.006_125       -13.031         5.953        -5.135        -1.734        -3.766       -17.713
03.006_150        -8.988         1.410        -3.170        -0.581        -1.936       -13.264
03.006_200        -5.428         0.075        -1.447        -0.101        -0.594        -7.495
03.007_080       -40.237        59.121       -17.049        -9.285        -9.371       -16.821
03.007_085       -35.236        44.320       -13.335        -7.514        -7.776       -19.540
03.007_090       -31.118        33.139       -10.730        -5.942        -6.475       -21.126
03.007_095       -27.739        24.722        -8.845        -4.635        -5.430       -21.926
03.007_100       -24.965        18.404        -7.437        -3.586        -4.572       -22.156
03.007_105       -22.677        13.677        -6.355        -2.766        -3.868       -21.988
03.007_110       -20.777        10.145        -5.500        -2.132        -3.290       -21.553
03.007_125       -16.683         4.102        -3.764        -0.998        -2.049       -19.392
03.007_150       -12.726         0.882        -2.234        -0.323        -0.981       -15.381
03.007_200        -8.643         0.038        -0.982        -0.057        -0.271        -9.915
03.008_080       -46.510        72.269       -19.561       -11.723       -10.293       -15.819
03.008_085       -40.075        55.475       -15.061        -9.862        -8.604       -18.127
03.008_090       -34.709        42.510       -11.907        -8.083        -7.247       -19.435
03.008_095       -30.258        32.526        -9.641        -6.513        -6.112       -19.998
03.008_100       -26.573        24.854        -7.970        -5.191        -5.197       -20.077
03.008_105       -23.520        18.972        -6.704        -4.110        -4.425       -19.787
03.008_110       -20.980        14.465        -5.719        -3.241        -3.786       -19.261
03.008_125       -15.557         6.371        -3.772        -1.587        -2.402       -16.946
03.008_150       -10.602         1.593        -2.113        -0.516        -1.157       -12.794
03.008_200        -6.229         0.094        -0.822        -0.081        -0.305        -7.343
03.009_080       -55.933        97.894       -30.306       -16.739       -15.325       -20.410
03.009_085       -48.233        76.843       -23.492       -14.782       -13.012       -22.676
03.009_090       -41.661        60.217       -18.642       -12.644       -11.118       -23.848
03.009_095       -36.112        47.127       -15.127       -10.592        -9.535       -24.239
03.009_100       -31.456        36.846       -12.525        -8.751        -8.214       -24.099
03.009_105       -27.560        28.786       -10.557        -7.163        -7.113       -23.605
03.009_110       -24.300        22.477        -9.034        -5.828        -6.168       -22.853
03.009_125       -17.330        10.670        -6.064        -3.096        -4.101       -19.921
03.009_150       -11.111         3.064        -3.573        -1.110        -2.137       -14.867
03.009_200        -6.052         0.250        -1.548        -0.191        -0.652        -8.192
03.010_080       -39.616        72.699       -20.441       -11.399       -12.971       -11.728
03.010_085       -33.321        55.732       -16.047        -9.527       -10.979       -14.143
03.010_090       -28.156        42.691       -12.956        -7.776        -9.343       -15.540
03.010_095       -23.939        32.688       -10.725        -6.253        -7.998       -16.227
03.010_100       -20.499        25.024        -9.070        -4.984        -6.879       -16.407
03.010_105       -17.688        19.159        -7.806        -3.954        -5.933       -16.222
03.010_110       -15.383        14.670        -6.816        -3.131        -5.133       -15.793
03.010_125       -10.602         6.601        -4.822        -1.572        -3.371       -13.766
03.010_150        -6.487         1.759        -3.022        -0.553        -1.734       -10.038
03.010_200        -3.249         0.129        -1.404        -0.106        -0.524        -5.154
03.011_080       -52.209        85.821       -24.889       -14.308       -12.772       -18.358
03.011_085       -45.030        66.738       -19.225       -12.365       -10.764       -20.646
03.011_090       -38.967        51.814       -15.223       -10.379        -9.135       -21.890
03.011_095       -33.890        40.176       -12.337        -8.548        -7.790       -22.388
03.011_100       -29.654        31.121       -10.206        -6.953        -6.670       -22.363
03.011_105       -26.124        24.085        -8.594        -5.610        -5.736       -21.980
03.011_110       -23.178        18.626        -7.346        -4.504        -4.949       -21.352
03.011_125       -16.880         8.582        -4.899        -2.313        -3.226       -18.736
03.011_150       -11.191         2.333        -2.829        -0.798        -1.627       -14.111
03.011_200        -6.368         0.168        -1.171        -0.134        -0.467        -7.972
03.012_080       -29.621        58.418       -17.492       -10.327       -10.759        -9.782
03.012_085       -24.844        43.803       -13.704        -8.435        -8.981       -12.162
03.012_090       -20.963        32.761       -11.044        -6.736        -7.531       -13.514
03.012_095       -17.830        24.448        -9.116        -5.304        -6.367       -14.169
03.012_100       -15.306        18.208        -7.672        -4.142        -5.403       -14.316
03.012_105       -13.269        13.536        -6.558        -3.221        -4.598       -14.111
03.012_110       -11.619        10.042        -5.675        -2.502        -3.930       -13.684
03.012_125        -8.256         4.058        -3.874        -1.189        -2.492       -11.753
03.012_150        -5.421         0.870        -2.277        -0.384        -1.219        -8.431
03.012_200        -3.113         0.037        -0.982        -0.064        -0.348        -4.469
03.013_080       -57.945       108.304       -35.616       -18.952       -17.916       -22.125
03.013_085       -49.930        85.597       -27.699       -17.042       -15.245       -24.319
03.013_090       -43.023        67.528       -22.029       -14.803       -13.110       -25.437
03.013_095       -37.151        53.199       -17.900       -12.571       -11.322       -25.745
03.013_100       -32.200        41.865       -14.836       -10.514        -9.797       -25.482
03.013_105       -28.042        32.921       -12.515        -8.703        -8.510       -24.850
03.013_110       -24.557        25.871       -10.721        -7.155        -7.427       -23.988
03.013_125       -17.107        12.526        -7.228        -3.901        -5.010       -20.720
03.013_150       -10.542         3.725        -4.316        -1.438        -2.670       -15.241
03.013_200        -5.422         0.331        -1.934        -0.249        -0.850        -8.124
03.014_080       -38.736        49.376       -12.818        -4.888        -9.567       -16.634
03.014_085       -34.336        37.243       -10.646        -4.112        -7.967       -19.817
03.014_090       -30.724        27.923        -8.998        -3.365        -6.647       -21.811
03.014_095       -27.741        20.818        -7.716        -2.704        -5.553       -22.897
03.014_100       -25.259        15.441        -6.693        -2.150        -4.643       -23.304
03.014_105       -23.176        11.397        -5.858        -1.700        -3.889       -23.226
03.014_110       -21.410         8.373        -5.163        -1.341        -3.266       -22.807
03.014_125       -17.439         3.240        -3.636        -0.669        -1.947       -20.451
03.014_150       -13.290         0.622        -2.152        -0.236        -0.852       -15.908
03.014_200        -8.735         0.019        -0.885        -0.043        -0.203        -9.846
03.015_080       -48.912        71.760       -19.552        -7.187       -13.829       -17.720
03.015_085       -42.688        55.899       -16.084        -6.504       -11.775       -21.152
03.015_090       -37.464        43.372       -13.474        -5.663       -10.039       -23.268
03.015_095       -33.073        33.539       -11.476        -4.806        -8.566       -24.382
03.015_100       -29.373        25.858        -9.915        -4.010        -7.335       -24.775
03.015_105       -26.243        19.884        -8.671        -3.308        -6.291       -24.629
03.015_110       -23.583        15.252        -7.658        -2.710        -5.408       -24.107
03.015_125       -17.673         6.800        -5.501        -1.472        -3.454       -21.300
03.015_150       -11.909         1.717        -3.417        -0.561        -1.679       -15.849
03.015_200        -6.612         0.102        -1.500        -0.110        -0.455        -8.574
04.001_080       -46.589        72.767       -26.729       -13.105        -9.741       -23.397
04.001_085       -42.057        56.276       -21.214       -11.320        -7.949       -26.264
04.001_090       -38.017        43.387       -17.209        -9.503        -6.518       -27.862
04.001_095       -34.477        33.355       -14.238        -7.831        -5.384       -28.574
04.001_100       -31.401        25.578       -11.984        -6.374        -4.480       -28.660
04.001_105       -28.738        19.571       -10.234        -5.147        -3.745       -28.293
04.001_110       -26.432        14.944        -8.847        -4.138        -3.137       -27.610
04.001_125       -21.156         6.582        -6.024        -2.138        -1.876       -24.612
04.001_150       -15.719         1.631        -3.517        -0.752        -0.827       -19.185
04.001_200       -10.129         0.093        -1.450        -0.129        -0.189       -11.804
04.002_080       -38.088        58.898       -17.565       -10.031        -8.559       -15.344
04.002_085       -33.749        44.690       -13.676        -8.324        -7.007       -18.066
04.002_090       -30.041        33.814       -10.929        -6.731        -5.778       -19.665
04.002_095       -26.901        25.526        -8.937        -5.353        -4.805       -20.471
04.002_100       -24.251        19.223        -7.453        -4.211        -4.020       -20.712
04.002_105       -22.011        14.445        -6.317        -3.292        -3.379       -20.554
04.002_110       -20.112        10.836        -5.425        -2.564        -2.846       -20.111
04.002_125       -15.904         4.525        -3.636        -1.217        -1.741       -17.974
04.002_150       -11.749         1.026        -2.082        -0.385        -0.803       -13.993
04.002_200        -7.611         0.049        -0.849        -0.062        -0.207        -8.679
04.003_080       -40.613        59.465       -17.550        -8.646        -9.915       -17.259
04.003_085       -35.638        45.045       -13.686        -7.327        -8.186       -19.792
04.003_090       -31.486        34.028       -10.976        -6.009        -6.807       -21.250
04.003_095       -28.040        25.643        -9.021        -4.828        -5.685       -21.932
04.003_100       -25.182        19.286        -7.569        -3.830        -4.789       -22.084
04.003_105       -22.804        14.471        -6.458        -3.016        -4.035       -21.841
04.003_110       -20.815        10.839        -5.584        -2.367        -3.412       -21.339
04.003_125       -16.499         4.508        -3.818        -1.152        -2.112       -19.073
04.003_150       -12.335         1.015        -2.253        -0.385        -0.986       -14.945
04.003_200        -8.163         0.048        -0.962        -0.069        -0.259        -9.406
04.004_080       -33.117        43.146       -11.148        -3.570        -8.665       -13.355
04.004_085       -29.365        32.365        -9.092        -3.108        -7.130       -16.330
04.004_090       -26.263        24.138        -7.592        -2.596        -5.866       -18.178
04.004_095       -23.683        17.904        -6.462        -2.113        -4.856       -19.210
04.004_100       -21.524        13.208        -5.583        -1.693        -4.021       -19.613
04.004_105       -19.700         9.697        -4.877        -1.346        -3.339       -19.566
04.004_110       -18.146         7.087        -4.295        -1.066        -2.781       -19.202
04.004_125       -14.627         2.698        -3.019        -0.539        -1.613       -17.099
04.004_150       -10.941         0.504        -1.765        -0.195        -0.675       -13.072
04.004_200        -6.982         0.015        -0.697        -0.036        -0.149        -7.849
05.001_080       -72.919        94.338       -18.169       -10.340       -11.794       -18.885
05.001_085       -62.606        72.211       -14.401        -8.349       -10.207       -23.351
05.001_090       -54.183        55.346       -11.784        -6.603        -8.829       -26.053
05.001_095       -47.313        42.512        -9.910        -5.148        -7.644       -27.503
05.001_100       -41.696        32.752        -8.523        -3.975        -6.613       -28.055
05.001_105       -37.084        25.329        -7.460        -3.048        -5.723       -27.985
05.001_110       -33.274        19.676        -6.617        -2.325        -4.962       -27.503
05.001_125       -25.192         9.535        -4.857        -1.017        -3.233       -24.764
05.001_150       -17.775         3.293        -3.119        -0.253        -1.623       -19.477
05.001_200       -11.003         0.842        -1.379        -0.015        -0.524       -12.079
05.002_080       -62.184       116.332       -39.642       -24.993       -12.976       -23.463
05.002_085       -55.733        93.521       -31.056       -21.875       -11.137       -26.281
05.002_090       -49.700        75.070       -24.825       -18.670        -9.634       -27.759
05.002_095       -44.242        60.199       -20.230       -15.664        -8.387       -28.324
05.002_100       -39.404        48.245       -16.784       -12.984        -7.346       -28.272
05.002_105       -35.165        38.655       -14.150       -10.672        -6.466       -27.798
05.002_110       -31.477        30.971       -12.100        -8.719        -5.714       -27.038
05.002_125       -23.117        15.967        -8.089        -4.659        -4.012       -23.909
05.002_150       -15.026         5.372        -4.765        -1.609        -2.299       -18.327
05.002_200        -7.996         0.655        -2.116        -0.203        -0.817       -10.477
05.003_080       -75.664       150.712       -60.103       -34.771       -15.151       -34.977
05.003_085       -69.720       124.584       -47.499       -32.135       -13.083       -37.853
05.003_090       -63.529       102.754       -38.129       -28.766       -11.329       -39.000
05.003_095       -57.512        84.603       -31.087       -25.196        -9.909       -39.102
05.003_100       -51.889        69.568       -25.730       -21.731        -8.711       -38.492
05.003_105       -46.759        57.153       -21.598       -18.532        -7.705       -37.442
05.003_110       -42.151        46.924       -18.366       -15.674        -6.845       -36.112
05.003_125       -31.229        25.934       -12.049        -9.189        -4.887       -31.421
05.003_150       -20.134         9.695        -6.918        -3.598        -2.895       -23.849
05.003_200       -10.400         1.415        -2.973        -0.539        -1.071       -13.567
05.004_080       -49.427        77.052       -18.354       -11.583       -10.899       -13.212
05.004_085       -42.274        59.203       -14.488        -9.405        -9.357       -16.321
05.004_090       -36.348        45.485       -11.769        -7.489        -8.063       -18.184
05.004_095       -31.464        34.957        -9.799        -5.887        -6.968       -19.162
05.004_100       -27.445        26.883        -8.326        -4.589        -6.044       -19.521
05.004_105       -24.134        20.693        -7.191        -3.558        -5.250       -19.439
05.004_110       -21.396        15.947        -6.291        -2.749        -4.573       -19.062
05.004_125       -15.618         7.356        -4.443        -1.260        -3.041       -17.006
05.004_150       -10.473         2.092        -2.738        -0.349        -1.577       -13.046
05.004_200        -6.086         0.194        -1.217        -0.031        -0.466        -7.607
05.005_080       -45.289        71.156       -16.229       -10.490       -10.486       -11.338
05.005_085       -38.514        54.278       -12.743        -8.424        -8.987       -14.390
05.005_090       -32.951        41.394       -10.302        -6.640        -7.736       -16.235
05.005_095       -28.402        31.574        -8.540        -5.171        -6.684       -17.223
05.005_100       -24.687        24.096        -7.226        -3.995        -5.788       -17.600
05.005_105       -21.646        18.403        -6.216        -3.071        -5.018       -17.548
05.005_110       -19.146        14.069        -5.418        -2.355        -4.363       -17.213
05.005_125       -13.922         6.330        -3.786        -1.058        -2.888       -15.325
05.005_150        -9.331         1.721        -2.302        -0.288        -1.487       -11.687
05.005_200        -5.443         0.144        -1.011        -0.027        -0.440        -6.778
05.006_080       -38.508        60.555       -12.925        -8.590        -9.406        -8.874
05.006_085       -32.445        45.574       -10.145        -6.737        -8.023       -11.775
05.006_090       -27.554        34.278        -8.213        -5.193        -6.875       -13.558
05.006_095       -23.621        25.776        -6.824        -3.958        -5.908       -14.535
05.006_100       -20.456        19.384        -5.789        -2.996        -5.092       -14.948
05.006_105       -17.899        14.581        -4.992        -2.257        -4.388       -14.956
05.006_110       -15.822        10.971        -4.360        -1.697        -3.791       -14.699
05.006_125       -11.557         4.688        -3.059        -0.720        -2.460       -13.108
05.006_150        -7.873         1.152        -1.863        -0.178        -1.222        -9.983
05.006_200        -4.704         0.074        -0.822        -0.013        -0.340        -5.805
05.007_080       -46.592        72.238       -15.704       -10.731       -10.027       -10.815
05.007_085       -39.783        55.592       -12.390        -8.601        -8.608       -13.790
05.007_090       -34.193        42.849       -10.071        -6.785        -7.435       -15.636
05.007_095       -29.616        33.093        -8.398        -5.298        -6.441       -16.660
05.007_100       -25.866        25.620        -7.153        -4.111        -5.591       -17.100
05.007_105       -22.781        19.889        -6.197        -3.177        -4.862       -17.129
05.007_110       -20.233        15.484        -5.442        -2.451        -4.236       -16.878
05.007_125       -14.839         7.443        -3.894        -1.126        -2.825       -15.242
05.007_150        -9.972         2.331        -2.453        -0.318        -1.472       -11.884
05.007_200        -5.733         0.276        -1.111        -0.030        -0.440        -7.038
05.008_080       -66.868       110.308       -32.499       -19.557       -14.360       -22.976
05.008_085       -58.493        86.957       -26.128       -16.515       -12.401       -26.581
05.008_090       -51.253        68.530       -21.544       -13.661       -10.760       -28.688
05.008_095       -45.068        54.015       -18.165       -11.145        -9.387       -29.750
05.008_100       -39.818        42.595       -15.610        -9.009        -8.226       -30.069
05.008_105       -35.373        33.615       -13.629        -7.237        -7.228       -29.853
05.008_110       -31.612        26.556       -12.054        -5.791        -6.366       -29.267
05.008_125       -23.391        13.195        -8.806        -2.939        -4.410       -26.350
05.008_150       -15.732         4.229        -5.765        -0.963        -2.460       -20.691
05.008_200        -9.085         0.484        -2.879        -0.122        -0.839       -12.441
05.009_080       -59.053       100.669       -30.029       -17.352       -13.930       -19.695
05.009_085       -52.076        80.145       -23.783       -14.787       -12.230       -22.731
05.009_090       -45.886        63.827       -19.307       -12.322       -10.808       -24.496
05.009_095       -40.486        50.872       -16.029       -10.123        -9.613       -25.379
05.009_100       -35.823        40.592       -13.569        -8.240        -8.578       -25.619
05.009_105       -31.816        32.435       -11.679        -6.671        -7.687       -25.418
05.009_110       -28.380        25.959       -10.194        -5.386        -6.915       -24.915
05.009_125       -20.725        13.450        -7.207        -2.830        -5.094       -22.406
05.009_150       -13.463         4.647        -4.569        -1.015        -3.139       -17.539
05.009_200        -7.373         0.593        -2.253        -0.175        -1.270       -10.478
05.010_080       -51.160        83.022       -21.831       -13.861       -12.004       -15.834
05.010_085       -44.242        64.368       -17.533       -11.323       -10.372       -19.102
05.010_090       -38.413        49.882       -14.485        -9.088        -9.006       -21.110
05.010_095       -33.542        38.652       -12.260        -7.210        -7.853       -22.213
05.010_100       -29.485        29.955       -10.585        -5.678        -6.862       -22.654
05.010_105       -26.107        23.225        -9.286        -4.450        -6.020       -22.637
05.010_110       -23.288        18.018        -8.249        -3.479        -5.282       -22.281
05.010_125       -17.257         8.444        -6.086        -1.658        -3.612       -20.170
05.010_150       -11.775         2.415        -4.011        -0.499        -1.955       -15.824
05.010_200        -6.992         0.206        -2.014        -0.057        -0.629        -9.485
05.011_080       -57.908        93.735       -28.012       -17.072       -11.485       -20.743
05.011_085       -51.011        74.525       -22.481       -14.404       -10.017       -23.388
05.011_090       -45.034        59.340       -18.530       -11.927        -8.810       -24.961
05.011_095       -39.917        47.344       -15.638        -9.759        -7.802       -25.772
05.011_100       -35.560        37.863       -13.468        -7.926        -6.910       -26.002
05.011_105       -31.857        30.362       -11.798        -6.410        -6.144       -25.847
05.011_110       -28.707        24.417       -10.479        -5.173        -5.496       -25.438
05.011_125       -21.740        12.936        -7.790        -2.719        -3.965       -23.279
05.011_150       -15.056         4.753        -5.296        -0.965        -2.368       -18.931
05.011_200        -8.943         0.753        -2.828        -0.144        -0.901       -12.064
05.012_080       -84.631       155.781       -62.063       -32.597       -15.030       -38.540
05.012_085       -77.933       129.579       -49.286       -30.433       -13.046       -41.119
05.012_090       -71.102       107.642       -39.776       -27.425       -11.416       -42.078
05.012_095       -64.529        89.351       -32.614       -24.139       -10.038       -41.970
05.012_100       -58.416        74.148       -27.149       -20.903        -8.878       -41.198
05.012_105       -52.847        61.541       -22.919       -17.893        -7.896       -40.014
05.012_110       -47.841        51.102       -19.594       -15.190        -7.042       -38.565
05.012_125       -35.926        29.426       -13.022        -9.018        -5.074       -33.613
05.012_150       -23.646        12.090        -7.537        -3.634        -3.022       -25.749
05.012_200       -12.573         2.367        -3.172        -0.592        -1.117       -15.087
05.013_080       -33.060        50.461       -10.633        -7.230        -6.810        -7.272
05.013_085       -27.909        37.656        -8.179        -5.581        -5.735        -9.748
05.013_090       -23.775        28.081        -6.489        -4.236        -4.855       -11.274
05.013_095       -20.466        20.932        -5.285        -3.179        -4.127       -12.125
05.013_100       -17.811        15.600        -4.398        -2.369        -3.519       -12.498
05.013_105       -15.673        11.627        -3.724        -1.758        -3.008       -12.535
05.013_110       -13.939         8.669        -3.197        -1.301        -2.573       -12.340
05.013_125       -10.379         3.605        -2.140        -0.525        -1.627       -11.066
05.013_150        -7.273         0.848        -1.225        -0.118        -0.776        -8.543
05.013_200        -4.522         0.051        -0.496        -0.007        -0.201        -5.174
05.014_080       -45.723        69.784       -15.582       -10.312        -8.363       -10.196
05.014_085       -39.008        53.390       -11.897        -8.371        -7.137       -13.024
05.014_090       -33.464        40.823        -9.352        -6.645        -6.103       -14.740
05.014_095       -28.911        31.207        -7.544        -5.197        -5.244       -15.689
05.014_100       -25.178        23.856        -6.224        -4.022        -4.520       -16.087
05.014_105       -22.112        18.242        -5.231        -3.092        -3.896       -16.089
05.014_110       -19.586        13.957        -4.464        -2.366        -3.371       -15.830
05.014_125       -14.286         6.280        -2.959        -1.045        -2.188       -14.199
05.014_150        -9.600         1.696        -1.681        -0.267        -1.082       -10.933
05.014_200        -5.623         0.137        -0.666        -0.019        -0.288        -6.458
05.015_080       -50.406        67.707       -10.469        -6.418        -9.965        -9.550
05.015_085       -42.045        50.005        -8.071        -4.957        -8.460       -13.528
05.015_090       -35.445        36.906        -6.449        -3.751        -7.180       -15.918
05.015_095       -30.227        27.235        -5.310        -2.799        -6.089       -17.189
05.015_100       -26.085        20.108        -4.478        -2.070        -5.161       -17.687
05.015_105       -22.777        14.855        -3.847        -1.521        -4.377       -17.667
05.015_110       -20.114        10.982        -3.351        -1.113        -3.714       -17.310
05.015_125       -14.696         4.471        -2.328        -0.435        -2.276       -15.264
05.015_150       -10.030         1.032        -1.369        -0.095        -1.026       -11.488
05.015_200        -5.974         0.062        -0.534        -0.007        -0.239        -6.692
06.001_080       -60.500       114.756       -43.070       -23.396       -14.136       -26.347
06.001_085       -54.839        92.585       -33.869       -20.816       -11.902       -28.841
06.001_090       -49.375        74.554       -27.127       -17.970       -10.065       -29.983
06.001_095       -44.311        59.945       -22.115       -15.197        -8.602       -30.281
06.001_100       -39.732        48.143       -18.328       -12.667        -7.395       -29.978
06.001_105       -35.655        38.633       -15.417       -10.447        -6.396       -29.282
06.001_110       -32.057        30.982       -13.141        -8.550        -5.566       -28.332
06.001_125       -23.718        15.954        -8.666        -4.557        -3.755       -24.743
06.001_150       -15.392         5.282        -4.961        -1.538        -2.029       -18.638
06.001_200        -7.988         0.595        -2.077        -0.178        -0.652       -10.299
06.002_080       -58.691        97.620       -33.064       -16.372       -13.225       -23.732
06.002_085       -52.135        77.651       -26.333       -14.207       -11.226       -26.250
06.002_090       -46.273        61.730       -21.473       -11.986        -9.641       -27.642
06.002_095       -41.128        49.066       -17.892        -9.927        -8.333       -28.213
06.002_100       -36.661        39.006       -15.196        -8.119        -7.238       -28.208
06.002_105       -32.808        31.023       -13.119        -6.585        -6.326       -27.815
06.002_110       -29.492        24.689       -11.483        -5.311        -5.543       -27.140
06.002_125       -22.057        12.511        -8.183        -2.744        -3.815       -24.288
06.002_150       -14.878         4.110        -5.229        -0.918        -2.143       -19.059
06.002_200        -8.479         0.472        -2.558        -0.120        -0.722       -11.408
06.003_080       -40.405        62.226       -15.805        -8.868        -8.189       -11.041
06.003_085       -34.790        47.480       -12.164        -7.173        -6.833       -13.481
06.003_090       -30.089        36.186        -9.615        -5.665        -5.719       -14.902
06.003_095       -26.180        27.556        -7.781        -4.402        -4.818       -15.625
06.003_100       -22.940        20.972        -6.423        -3.383        -4.081       -15.855
06.003_105       -20.252        15.957        -5.392        -2.579        -3.478       -15.745
06.003_110       -18.017        12.140        -4.588        -1.956        -2.955       -15.377
06.003_125       -13.250         5.353        -2.998        -0.840        -1.863       -13.597
06.003_150        -8.917         1.384        -1.652        -0.203        -0.878       -10.266
06.003_200        -5.147         0.099        -0.622        -0.012        -0.219        -5.901
07.001_080       -46.265        72.158       -20.616        -9.550       -10.520       -14.793
07.001_085       -40.183        56.448       -15.973        -8.375        -8.850       -16.933
07.001_090       -34.960        44.132       -12.693        -7.078        -7.476       -18.075
07.001_095       -30.520        34.495       -10.323        -5.838        -6.360       -18.546
07.001_100       -26.764        26.961        -8.570        -4.735        -5.433       -18.541
07.001_105       -23.594        21.078        -7.241        -3.795        -4.672       -18.224
07.001_110       -20.918        16.485        -6.208        -3.016        -4.034       -17.691
07.001_125       -15.099         7.910        -4.166        -1.471        -2.607       -15.432
07.001_150        -9.753         2.354        -2.408        -0.431        -1.311       -11.550
07.001_200        -5.280         0.218        -0.965        -0.041        -0.362        -6.431
07.002_080       -41.676        62.948       -16.466        -8.539        -8.816       -12.548
07.002_085       -36.156        48.765       -12.669        -7.243        -7.308       -14.610
07.002_090       -31.456        37.751        -9.997        -5.955        -6.110       -15.767
07.002_095       -27.488        29.214        -8.072        -4.795        -5.155       -16.295
07.002_100       -24.150        22.606        -6.649        -3.805        -4.369       -16.367
07.002_105       -21.346        17.495        -5.570        -2.989        -3.710       -16.119
07.002_110       -18.985        13.544        -4.731        -2.330        -3.161       -15.662
07.002_125       -13.862         6.304        -3.081        -1.076        -1.976       -13.691
07.002_150        -9.128         1.783        -1.687        -0.289        -0.937       -10.258
07.002_200        -5.066         0.150        -0.612        -0.022        -0.234        -5.785
08.001_080       -54.653        87.008       -18.283       -12.695       -12.130       -10.753
08.001_085       -45.829        67.289       -14.407       -10.479       -10.274       -13.699
08.001_090       -38.683        52.084       -11.763        -8.453        -9.246       -16.061
08.001_095       -32.635        40.717       -10.072        -6.709        -8.090       -16.788
08.001_100       -28.256        31.364        -8.531        -5.261        -6.922       -17.605
08.001_105       -24.238        24.659        -7.582        -4.086        -6.220       -17.469
08.001_110       -21.205        19.289        -6.731        -3.149        -5.546       -17.341
08.001_125       -15.231         9.431        -4.928        -1.379        -3.936       -16.043
08.001_150       -10.139         3.581        -3.178        -0.279        -2.387       -12.403
08.001_200        -6.410         2.025        -1.369         0.043        -1.213        -6.925
08.002_080       -48.454        68.316       -11.816        -7.223       -10.098        -9.276
08.002_085       -39.869        50.976        -9.788        -5.570        -8.550       -12.801
08.002_090       -33.208        38.155        -8.414        -4.209        -7.289       -14.965
08.002_095       -28.024        28.673        -7.428        -3.133        -6.197       -16.110
08.002_100       -23.968        21.650        -6.676        -2.305        -5.301       -16.600
08.002_105       -20.772        16.438        -6.067        -1.679        -4.537       -16.618
08.002_110       -18.233        12.558        -5.551        -1.212        -3.871       -16.309
08.002_125       -13.191         5.860        -4.322        -0.428        -2.443       -14.524
08.002_150        -9.105         2.104        -2.797        -0.045        -1.251       -11.095
08.002_200        -5.792         1.673        -0.924         0.019        -0.797        -5.821
08.003_080       -52.206        82.048       -21.825       -14.973       -11.416       -18.372
08.003_085       -45.077        63.251       -17.354       -12.368        -9.755       -21.303
08.003_090       -39.169        48.719       -14.231       -10.015        -8.352       -23.048
08.003_095       -34.300        37.506       -11.983        -8.002        -7.208       -23.987
08.003_100       -30.292        28.871       -10.311        -6.339        -6.251       -24.323
08.003_105       -26.987        22.237        -9.028        -4.994        -5.441       -24.214
08.003_110       -24.252        17.149        -8.013        -3.921        -4.748       -23.785
08.003_125       -18.438         7.938        -5.912        -1.889        -3.203       -21.503
08.003_150       -13.099         2.300        -3.892        -0.575        -1.722       -16.988
08.003_200        -8.168         0.229        -1.912        -0.067        -0.553       -10.472
08.004_080       -47.348        74.497       -18.817       -13.294       -10.994       -15.956
08.004_085       -40.632        56.881       -14.923       -10.835        -9.372       -18.882
08.004_090       -35.131        43.387       -12.217        -8.668        -8.041       -20.669
08.004_095       -30.643        33.073       -10.273        -6.852        -6.944       -21.639
08.004_100       -26.984        25.207        -8.829        -5.374        -6.022       -22.001
08.004_105       -23.992        19.223        -7.720        -4.196        -5.230       -21.915
08.004_110       -21.532        14.672        -6.841        -3.268        -4.559       -21.530
08.004_125       -16.351         6.590        -5.021        -1.545        -3.063       -19.389
08.004_150       -11.643         1.813        -3.275        -0.467        -1.633       -15.205
08.004_200        -7.291         0.162        -1.593        -0.059        -0.527        -9.308
08.005_080       -48.034        73.252       -17.918       -12.904       -10.001       -15.606
08.005_085       -41.464        56.455       -14.287       -10.483        -8.522       -18.301
08.005_090       -36.089        43.564       -11.762        -8.381        -7.323       -19.991
08.005_095       -31.699        33.676        -9.949        -6.633        -6.320       -20.925
08.005_100       -28.107        26.103        -8.606        -5.218        -5.481       -21.309
08.005_105       -25.155        20.299        -7.576        -4.090        -4.775       -21.298
08.005_110       -22.712        15.831        -6.761        -3.202        -4.159       -21.002
08.005_125       -17.466         7.708        -5.070        -1.541        -2.805       -19.174
08.005_150       -12.517         2.505        -3.410        -0.477        -1.516       -15.414
08.005_200        -7.756         0.321        -1.698        -0.058        -0.492        -9.683
08.006_080       -29.429        48.631        -9.179        -6.751        -7.611        -4.339
08.006_085       -24.021        36.313        -7.148        -5.180        -6.457        -6.493
08.006_090       -19.771        27.125        -5.763        -3.904        -5.498        -7.812
08.006_095       -16.431        20.276        -4.779        -2.908        -4.702        -8.544
08.006_100       -13.802        15.171        -4.049        -2.147        -4.033        -8.860
08.006_105       -11.722        11.364        -3.486        -1.576        -3.466        -8.887
08.006_110       -10.069         8.523        -3.038        -1.152        -2.987        -8.721
08.006_125        -6.805         3.627        -2.102        -0.442        -1.927        -7.650
08.006_150        -4.220         0.900        -1.233        -0.085        -0.949        -5.587
08.006_200        -2.317         0.062        -0.503        -0.001        -0.260        -3.018
08.007_080       -27.524        41.185        -6.375        -4.546        -7.387        -4.647
08.007_085       -22.330        30.187        -5.146        -3.415        -6.233        -6.936
08.007_090       -18.351        22.149        -4.323        -2.522        -5.286        -8.332
08.007_095       -15.292        16.272        -3.737        -1.840        -4.483        -9.080
08.007_100       -12.927        11.973        -3.295        -1.332        -3.808        -9.390
08.007_105       -11.087         8.824        -2.944        -0.958        -3.239        -9.402
08.007_110        -9.641         6.515        -2.651        -0.685        -2.759        -9.222
08.007_125        -6.827         2.650        -1.986        -0.243        -1.720        -8.126
08.007_150        -4.585         0.614        -1.263        -0.036        -0.804        -6.074
08.007_200        -2.771         0.037        -0.543         0.004        -0.204        -3.477
08.008_080       -44.453        73.755       -17.465       -11.399       -11.590       -11.153
08.008_085       -37.158        55.973       -14.229        -9.029        -9.903       -14.347
08.008_090       -31.313        42.494       -11.961        -7.037        -8.506       -16.322
08.008_095       -26.634        32.287       -10.307        -5.425        -7.339       -17.419
08.008_100       -22.884        24.558        -9.051        -4.155        -6.350       -17.881
08.008_105       -19.864        18.705        -8.060        -3.168        -5.518       -17.905
08.008_110       -17.420        14.267        -7.251        -2.411        -4.801       -17.616
08.008_125       -12.437         6.385        -5.484        -1.061        -3.208       -15.805
08.008_150        -8.224         1.723        -3.661        -0.281        -1.691       -12.135
08.008_200        -4.782         0.140        -1.817        -0.025        -0.537        -7.022
08.009_080       -43.088        65.979       -15.868       -10.595        -9.232       -12.804
08.009_085       -36.830        50.933       -12.924        -8.510        -7.947       -15.278
08.009_090       -31.757        39.438       -10.898        -6.730        -6.861       -16.807
08.009_095       -27.641        30.646        -9.450        -5.270        -5.962       -17.678
08.009_100       -24.291        23.907        -8.373        -4.104        -5.199       -18.059
08.009_105       -21.549        18.727        -7.538        -3.185        -4.555       -18.099
08.009_110       -19.286        14.727        -6.864        -2.469        -4.000       -17.892
08.009_125       -14.483         7.327        -5.397        -1.153        -2.750       -16.456
08.009_150       -10.060         2.435        -3.813        -0.336        -1.522       -13.296
08.009_200        -6.001         0.310        -2.010        -0.033        -0.512        -8.246
08.010_080       -34.053        56.081       -11.611        -7.190       -10.602        -7.375
08.010_085       -27.762        42.059        -9.579        -5.583        -9.077        -9.941
08.010_090       -22.850        31.572        -8.176        -4.256        -7.805       -11.515
08.010_095       -19.013        23.730        -7.154        -3.205        -6.724       -12.366
08.010_100       -16.009        17.865        -6.369        -2.394        -5.808       -12.715
08.010_105       -13.645        13.471        -5.737        -1.778        -5.033       -12.722
08.010_110       -11.773        10.175        -5.207        -1.315        -4.358       -12.478
08.010_125        -8.107         4.433        -3.990        -0.524        -2.858       -11.046
08.010_150        -5.220         1.153        -2.643        -0.108        -1.448        -8.266
08.010_200        -3.027         0.089        -1.236        -0.000        -0.416        -4.590
08.011_080       -66.579       117.114       -35.334       -20.035       -12.219       -17.053
08.011_085       -57.227        94.049       -27.980       -17.564       -10.536       -19.258
08.011_090       -49.188        75.564       -22.768       -14.939        -9.194       -20.525
08.011_095       -42.354        60.774       -18.994       -12.450        -8.059       -21.083
08.011_100       -36.586        48.952       -16.193       -10.229        -7.114       -21.170
08.011_105       -31.733        39.503       -14.057        -8.319        -6.315       -20.920
08.011_110       -27.654        31.947       -12.382        -6.715        -5.574       -20.380
08.011_125       -18.898        17.157        -8.984        -3.432        -3.957       -18.115
08.011_150       -11.165         6.435        -5.809        -1.065        -2.295       -13.899
08.011_200        -5.326         1.081        -2.738        -0.085        -0.824        -7.891
08.012_080       -30.561        50.902       -10.265        -6.701        -8.882        -5.507
08.012_085       -24.789        37.809        -8.379        -5.117        -7.538        -8.014
08.012_090       -20.316        28.109        -7.070        -3.842        -6.403        -9.522
08.012_095       -16.845        20.926        -6.115        -2.853        -5.471       -10.358
08.012_100       -14.143        15.602        -5.381        -2.102        -4.680       -10.703
08.012_105       -12.026        11.653        -4.793        -1.539        -4.014       -10.720
08.012_110       -10.357         8.718        -4.304        -1.123        -3.449       -10.515
08.012_125        -7.100         3.693        -3.206        -0.427        -2.208        -9.247
08.012_150        -4.536         0.920        -2.050        -0.077        -1.079        -6.822
08.012_200        -2.577         0.066        -0.919         0.003        -0.295        -3.722
08.013_080       -28.294        44.598        -7.986        -5.400        -8.719        -5.801
08.013_085       -23.008        33.002        -6.545        -4.101        -7.441        -8.093
08.013_090       -18.935        24.447        -5.569        -3.062        -6.368        -9.487
08.013_095       -15.789        18.134        -4.868        -2.261        -5.462       -10.245
08.013_100       -13.349        13.472        -4.332        -1.656        -4.698       -10.564
08.013_105       -11.445        10.024        -3.901        -1.207        -4.048       -10.577
08.013_110        -9.948         7.471        -3.539        -0.877        -3.485       -10.377
08.013_125        -7.034         3.124        -2.701        -0.331        -2.248        -9.188
08.013_150        -4.725         0.757        -1.768        -0.061        -1.109        -6.907
08.013_200        -2.871         0.050        -0.804         0.001        -0.307        -3.932
08.014_080       -24.639        39.386        -6.818        -4.610        -7.947        -4.628
08.014_085       -19.891        28.797        -5.617        -3.436        -6.744        -6.891
08.014_090       -16.275        21.059        -4.801        -2.521        -5.734        -8.272
08.014_095       -13.516        15.406        -4.208        -1.829        -4.890        -9.037
08.014_100       -11.400        11.276        -3.751        -1.317        -4.178        -9.369
08.014_105        -9.765         8.257        -3.377        -0.943        -3.574        -9.402
08.014_110        -8.491         6.048        -3.061        -0.673        -3.056        -9.232
08.014_125        -6.046         2.384        -2.321        -0.239        -1.926        -8.149
08.014_150        -4.128         0.509        -1.503        -0.038        -0.913        -6.072
08.014_200        -2.546         0.024        -0.678         0.002        -0.236        -3.434
08.015_080       -29.503        45.561        -7.864        -5.520        -8.149        -5.476
08.015_085       -24.232        34.206        -6.480        -4.207        -6.978        -7.690
08.015_090       -20.144        25.775        -5.549        -3.157        -5.991        -9.066
08.015_095       -16.960        19.500        -4.885        -2.346        -5.154        -9.845
08.015_100       -14.465        14.814        -4.380        -1.731        -4.447       -10.209
08.015_105       -12.494        11.300        -3.975        -1.272        -3.842       -10.283
08.015_110       -10.925         8.655        -3.634        -0.931        -3.325       -10.160
08.015_125        -7.791         3.977        -2.834        -0.360        -2.171        -9.178
08.015_150        -5.195         1.157        -1.903        -0.068        -1.090        -7.099
08.015_200        -3.068         0.114        -0.879         0.002        -0.303        -4.134
09.001_080       -46.827        74.585       -21.289       -13.263        -9.964       -16.759
09.001_085       -40.705        57.326       -16.713       -11.006        -8.270       -19.369
09.001_090       -35.543        43.969       -13.508        -8.912        -6.916       -20.910
09.001_095       -31.224        33.663       -11.198        -7.099        -5.842       -21.699
09.001_100       -27.625        25.741        -9.482        -5.592        -4.982       -21.940
09.001_105       -24.626        19.659        -8.169        -4.371        -4.256       -21.763
09.001_110       -22.118        15.006        -7.135        -3.400        -3.656       -21.303
09.001_125       -16.699         6.690        -5.031        -1.580        -2.367       -18.989
09.001_150       -11.634         1.768        -3.104        -0.448        -1.204       -14.621
09.001_200        -6.994         0.136        -1.401        -0.046        -0.349        -8.654
09.002_080       -25.055        41.214        -8.941        -5.333        -6.381        -4.497
09.002_085       -20.511        30.395        -7.049        -4.048        -5.239        -6.452
09.002_090       -16.955        22.399        -5.745        -3.009        -4.341        -7.651
09.002_095       -14.173        16.499        -4.805        -2.204        -3.615        -8.297
09.002_100       -11.991        12.152        -4.097        -1.597        -3.024        -8.557
09.002_105       -10.269         8.950        -3.543        -1.147        -2.536        -8.546
09.002_110        -8.902         6.594        -3.096        -0.819        -2.139        -8.362
09.002_125        -6.198         2.644        -2.146        -0.287        -1.295        -7.282
09.002_150        -4.009         0.584        -1.247        -0.041        -0.581        -5.293
09.002_200        -2.282         0.031        -0.494         0.004        -0.135        -2.876
09.003_080       -40.715        66.899       -19.054       -10.115        -9.875       -12.860
09.003_085       -34.763        51.283       -15.298        -8.249        -8.278       -15.305
09.003_090       -29.848        39.299       -12.666        -6.570        -6.980       -16.765
09.003_095       -25.808        30.117       -10.760        -5.151        -5.952       -17.553
09.003_100       -22.489        23.089        -9.328        -3.998        -5.130       -17.856
09.003_105       -19.759        17.713        -8.216        -3.081        -4.402       -17.745
09.003_110       -17.503        13.598        -7.323        -2.365        -3.818       -17.412
09.003_125       -12.744         6.184        -5.431        -1.059        -2.518       -15.567
09.003_150        -8.492         1.693        -3.562        -0.283        -1.311       -11.956
09.003_200        -4.851         0.137        -1.744        -0.024        -0.400        -6.882
09.004_080       -30.230        51.027       -12.044        -6.835        -8.318        -6.401
09.004_085       -24.804        38.174        -9.615        -5.377        -6.948        -8.571
09.004_090       -20.511        28.540        -7.952        -4.126        -5.855        -9.905
09.004_095       -17.121        21.331        -6.760        -3.113        -4.957       -10.619
09.004_100       -14.441        15.944        -5.866        -2.321        -4.206       -10.888
09.004_105       -12.315        11.919        -5.164        -1.715        -3.594       -10.869
09.004_110       -10.622         8.913        -4.593        -1.260        -3.076       -10.637
09.004_125        -7.268         3.738        -3.347        -0.486        -1.964        -9.327
09.004_150        -4.590         0.889        -2.089        -0.092        -0.960        -6.843
09.004_200        -2.563         0.054        -0.920         0.000        -0.259        -3.688
09.005_080       -26.993        44.815       -10.041        -5.769        -7.390        -5.378
09.005_085       -22.076        33.234        -8.004        -4.446        -6.145        -7.437
09.005_090       -18.222        24.632        -6.607        -3.349        -5.134        -8.681
09.005_095       -15.203        18.252        -5.601        -2.484        -4.318        -9.354
09.005_100       -12.833        13.525        -4.843        -1.822        -3.650        -9.623
09.005_105       -10.964        10.024        -4.246        -1.325        -3.095        -9.606
09.005_110        -9.481         7.432        -3.759        -0.958        -2.631        -9.397
09.005_125        -6.561         3.038        -2.700        -0.351        -1.641        -8.215
09.005_150        -4.227         0.694        -1.648        -0.059        -0.771        -6.011
09.005_200        -2.422         0.039        -0.701         0.002        -0.196        -3.278
09.006_080       -49.472        73.173       -20.440       -10.666       -11.011       -18.417
09.006_085       -43.060        56.442       -16.227        -8.862        -9.244       -20.952
09.006_090       -37.703        43.512       -13.280        -7.174        -7.824       -22.469
09.006_095       -33.251        33.540       -11.154        -5.710        -6.695       -23.271
09.006_100       -29.556        25.858        -9.570        -4.495        -5.757       -23.520
09.006_105       -26.483        19.944        -8.351        -3.514        -4.971       -23.374
09.006_110       -23.918        15.391        -7.381        -2.735        -4.320       -22.964
09.006_125       -18.396         7.102        -5.364        -1.280        -2.852       -20.790
09.006_150       -13.247         1.990        -3.429        -0.374        -1.491       -16.551
09.006_200        -8.477         0.168        -1.601        -0.043        -0.451       -10.405
10.001_080       -25.473        40.847        -8.793        -5.051        -6.669        -5.139
10.001_085       -20.989        30.545        -6.899        -3.995        -5.475        -6.813
10.001_090       -17.435        22.835        -5.596        -3.077        -4.501        -7.774
10.001_095       -14.619        17.071        -4.661        -2.327        -3.753        -8.289
10.001_100       -12.383        12.765        -3.962        -1.737        -3.127        -8.444
10.001_105       -10.602         9.549        -3.419        -1.283        -2.613        -8.369
10.001_110        -9.173         7.146        -2.983        -0.941        -2.195        -8.147
10.001_125        -6.311         3.003        -2.061        -0.359        -1.318        -7.045
10.001_150        -3.972         0.717        -1.184        -0.065        -0.593        -5.097
10.001_200        -2.177         0.043        -0.450         0.001        -0.131        -2.715
10.002_080       -41.127        65.710       -18.924        -9.192       -10.080       -13.612
10.002_085       -35.305        50.986       -15.103        -7.843        -8.393       -15.657
10.002_090       -30.441        39.560       -12.421        -6.483        -7.045       -16.831
10.002_095       -26.398        30.704       -10.483        -5.247        -5.960       -17.383
10.002_100       -23.040        23.843        -9.036        -4.185        -5.088       -17.506
10.002_105       -20.249        18.528        -7.921        -3.304        -4.373       -17.319
10.002_110       -17.923        14.407        -7.032        -2.590        -3.770       -16.908
10.002_125       -12.952         6.800        -5.170        -1.220        -2.460       -15.001
10.002_150        -8.458         1.971        -3.349        -0.343        -1.267       -11.446
10.002_200        -4.670         0.173        -1.582        -0.031        -0.375        -6.485
10.003_080       -31.495        51.328       -12.563        -5.980        -8.637        -7.346
10.003_085       -25.996        38.936        -9.924        -4.990        -7.171        -9.146
10.003_090       -21.590        29.529        -8.116        -4.014        -6.032       -10.223
10.003_095       -18.068        22.396        -6.828        -3.151        -5.088       -10.739
10.003_100       -15.251        16.991        -5.872        -2.432        -4.301       -10.865
10.003_105       -12.993        12.896        -5.132        -1.854        -3.653       -10.736
10.003_110       -11.176         9.792        -4.538        -1.401        -3.127       -10.450
10.003_125        -7.528         4.298        -3.269        -0.583        -1.987        -9.068
10.003_150        -4.584         1.101        -2.006        -0.127        -0.960        -6.576
10.003_200        -2.422         0.076        -0.847        -0.004        -0.250        -3.448
10.004_080       -27.904        44.977       -10.303        -5.223        -7.625        -6.078
10.004_085       -22.949        33.824        -8.140        -4.236        -6.306        -7.806
10.004_090       -19.015        25.433        -6.656        -3.328        -5.243        -8.809
10.004_095       -15.895        19.127        -5.594        -2.560        -4.401        -9.323
10.004_100       -13.416        14.388        -4.801        -1.939        -3.711        -9.478
10.004_105       -11.441        10.828        -4.183        -1.453        -3.129        -9.378
10.004_110        -9.860         8.153        -3.686        -1.079        -2.653        -9.125
10.004_125        -6.703         3.490        -2.619        -0.428        -1.644        -7.904
10.004_150        -4.161         0.859        -1.569        -0.085        -0.768        -5.724
10.004_200        -2.262         0.055        -0.637        -0.001        -0.186        -3.032
10.005_080       -50.893        73.354       -21.051        -9.604       -11.542       -19.736
10.005_085       -44.519        57.341       -16.568        -8.448        -9.638       -21.833
10.005_090       -39.125        44.816       -13.425        -7.159        -8.109       -23.003
10.005_095       -34.586        35.034       -11.168        -5.921        -6.876       -23.516
10.005_100       -30.772        27.397        -9.500        -4.817        -5.881       -23.572
10.005_105       -27.566        21.437        -8.231        -3.875        -5.054       -23.288
10.005_110       -24.862        16.785        -7.236        -3.092        -4.375       -22.780
10.005_125       -18.957         8.088        -5.208        -1.534        -2.881       -20.494
10.005_150       -13.380         2.425        -3.302        -0.473        -1.490       -16.220
10.005_200        -8.295         0.227        -1.497        -0.055        -0.442       -10.062
11.001_080       -49.181        98.071       -28.067       -23.269       -12.243       -14.690
11.001_085       -46.417        82.250       -24.565       -19.737        -9.780       -18.249
11.001_090       -40.349        65.792       -19.854       -16.385        -8.334       -19.129
11.001_095       -35.020        52.357       -16.495       -13.406        -7.089       -19.653
11.001_100       -30.559        41.741       -14.032       -10.859        -6.064       -19.773
11.001_105       -26.834        33.355       -12.179        -8.735        -5.265       -19.658
11.001_110       -23.723        26.729       -10.746        -6.992        -4.535       -19.267
11.001_125       -16.922        13.744        -8.030        -3.534        -2.778       -17.520
11.001_150       -11.123         5.250        -5.338        -1.125        -1.661       -13.996
11.001_200        -6.087         0.970        -2.908        -0.119        -0.656        -8.799
11.002_080       -36.237        67.383       -13.733        -8.545       -10.876        -2.007
11.002_085       -28.165        49.575       -11.545        -6.416        -9.028        -5.580
11.002_090       -22.203        36.763        -9.948        -4.744        -7.545        -7.677
11.002_095       -17.723        27.451        -8.761        -3.472        -6.384        -8.890
11.002_100       -14.337        20.657        -7.828        -2.524        -5.369        -9.401
11.002_105       -11.756        15.677        -7.060        -1.825        -4.544        -9.508
11.002_110        -9.771        12.008        -6.407        -1.315        -3.875        -9.360
11.002_125        -6.044         5.724        -4.895        -0.480        -2.398        -8.094
11.002_150        -3.320         2.057        -3.216        -0.077        -0.862        -5.418
11.002_200        -2.486         2.345         0.012         0.009        -0.649        -0.769
11.003_080       -47.503        90.374       -25.575       -16.460       -10.211        -9.375
11.003_085       -39.212        70.999       -20.603       -13.721        -8.660       -11.197
11.003_090       -32.447        55.857       -17.150       -11.175        -7.406       -12.321
11.003_095       -26.954        44.030       -14.671        -8.957        -6.383       -12.934
11.003_100       -22.506        34.793       -12.826        -7.096        -5.528       -13.162
11.003_105       -18.904        27.573       -11.398        -5.574        -4.821       -13.124
11.003_110       -15.981        21.919       -10.252        -4.351        -4.207       -12.873
11.003_125       -10.067        11.233        -7.791        -2.014        -2.879       -11.518
11.003_150        -5.355         3.925        -5.232        -0.522        -1.581        -8.765
11.003_200        -2.252         0.574        -2.543        -0.016        -0.526        -4.762
11.004_080       -25.956        48.537        -9.723        -5.891        -8.502        -1.536
11.004_085       -20.190        35.368        -8.337        -4.332        -7.091        -4.582
11.004_090       -15.908        25.880        -7.348        -3.146        -5.950        -6.472
11.004_095       -12.709        19.021        -6.591        -2.266        -5.024        -7.569
11.004_100       -10.299        14.043        -5.976        -1.622        -4.260        -8.113
11.004_105        -8.468        10.413        -5.452        -1.156        -3.613        -8.276
11.004_110        -7.064         7.754        -4.992        -0.821        -3.070        -8.193
11.004_125        -4.439         3.280        -3.870        -0.288        -1.920        -7.238
11.004_150        -2.522         0.837        -2.565        -0.042        -0.920        -5.212
11.004_200        -1.222         0.066        -1.198         0.006        -0.245        -2.594
11.005_080       -40.171        78.543       -20.215       -14.264        -9.509        -5.617
11.005_085       -32.764        61.104       -16.135       -11.646        -8.050        -7.490
11.005_090       -26.795        47.612       -13.317        -9.310        -6.837        -8.647
11.005_095       -22.007        37.176       -11.299        -7.333        -5.855        -9.318
11.005_100       -18.171        29.101        -9.797        -5.715        -5.037        -9.618
11.005_105       -15.097        22.847        -8.633        -4.419        -4.359        -9.661
11.005_110       -12.628        17.993        -7.697        -3.395        -3.762        -9.490
11.005_125        -7.719         8.965        -5.690        -1.499        -2.500        -8.442
11.005_150        -3.929         2.997        -3.644        -0.353        -1.307        -6.235
11.005_200        -1.533         0.408        -1.620        -0.002        -0.393        -3.140
11.006_080       -17.332        34.157        -6.479        -4.875        -6.010        -0.540
11.006_085       -13.284        24.673        -5.335        -3.575        -5.006        -2.527
11.006_090       -10.283        17.828        -4.562        -2.576        -4.188        -3.780
11.006_095        -8.057        12.891        -3.998        -1.833        -3.526        -4.523
11.006_100        -6.398         9.327        -3.558        -1.291        -2.969        -4.889
11.006_105        -5.155         6.755        -3.196        -0.902        -2.513        -5.010
11.006_110        -4.217         4.898        -2.887        -0.625        -2.125        -4.956
11.006_125        -2.528         1.880        -2.163        -0.198        -1.291        -4.300
11.006_150        -1.381         0.393        -1.372        -0.019        -0.591        -2.969
11.006_200        -0.653         0.020        -0.607         0.006        -0.146        -1.380
11.007_080       -32.702        58.027       -13.320       -11.168        -7.754        -6.918
11.007_085       -27.242        43.777       -10.437        -8.749        -6.430        -9.082
11.007_090       -22.875        33.026        -8.472        -6.748        -5.390       -10.459
11.007_095       -19.388        24.928        -7.082        -5.150        -4.540       -11.232
11.007_100       -16.599        18.831        -6.058        -3.903        -3.848       -11.577
11.007_105       -14.357        14.240        -5.275        -2.944        -3.276       -11.613
11.007_110       -12.544        10.782        -4.654        -2.215        -2.802       -11.433
11.007_125        -8.842         4.723        -3.359        -0.937        -1.787       -10.202
11.007_150        -5.679         1.239        -2.117        -0.226        -0.878        -7.661
11.007_200        -3.055         0.099        -0.969        -0.014        -0.247        -4.186
11.008_080       -24.371        42.546        -8.697        -7.277        -6.580        -4.380
11.008_085       -19.980        31.294        -6.900        -5.487        -5.478        -6.552
11.008_090       -16.586        23.016        -5.686        -4.082        -4.584        -7.922
11.008_095       -13.956        16.932        -4.825        -3.010        -3.864        -8.723
11.008_100       -11.907        12.462        -4.184        -2.207        -3.270        -9.107
11.008_105       -10.296         9.177        -3.685        -1.613        -2.776        -9.193
11.008_110        -9.018         6.763        -3.281        -1.177        -2.365        -9.078
11.008_125        -6.469         2.721        -2.409        -0.458        -1.477        -8.091
11.008_150        -4.309         0.608        -1.535        -0.098        -0.702        -6.036
11.008_200        -2.415         0.033        -0.709        -0.005        -0.187        -3.283
11.009_080       -10.884        23.587        -4.993        -3.141        -4.858        -0.289
11.009_085        -7.991        16.782        -4.240        -2.208        -4.013        -1.671
11.009_090        -5.911        11.960        -3.695        -1.529        -3.337        -2.511
11.009_095        -4.412         8.542        -3.270        -1.046        -2.784        -2.970
11.009_100        -3.330         6.114        -2.921        -0.706        -2.333        -3.177
11.009_105        -2.544         4.388        -2.624        -0.471        -1.960        -3.211
11.009_110        -1.969         3.157        -2.364        -0.309        -1.642        -3.128
11.009_125        -0.998         1.196        -1.747        -0.074        -0.981        -2.605
11.009_150        -0.428         0.251        -1.079         0.008        -0.438        -1.686
11.009_200        -0.151         0.013        -0.453         0.007        -0.105        -0.689
11.010_080       -29.260        59.165       -13.751        -9.714        -7.878        -1.437
11.010_085       -23.099        45.334       -11.101        -7.614        -6.661        -3.140
11.010_090       -18.284        34.829        -9.256        -5.863        -5.636        -4.210
11.010_095       -14.529        26.842        -7.912        -4.458        -4.805        -4.863
11.010_100       -11.601        20.758        -6.887        -3.357        -4.111        -5.198
11.010_105        -9.312        16.113        -6.073        -2.509        -3.529        -5.310
11.010_110        -7.519        12.557        -5.404        -1.863        -3.035        -5.265
11.010_125        -4.113         6.089        -3.929        -0.736        -1.966        -4.655
11.010_150        -1.712         1.961        -2.417        -0.132        -0.973        -3.273
11.010_200        -0.445         0.247        -0.995         0.010        -0.267        -1.450
11.011_080        -7.730        17.560        -3.504        -2.057        -4.337        -0.067
11.011_085        -5.566        12.243        -3.032        -1.409        -3.580        -1.344
11.011_090        -4.050         8.547        -2.681        -0.952        -2.969        -2.105
11.011_095        -2.985         5.974        -2.398        -0.635        -2.463        -2.508
11.011_100        -2.233         4.182        -2.158        -0.419        -2.045        -2.673
11.011_105        -1.698         2.930        -1.947        -0.272        -1.704        -2.690
11.011_110        -1.315         2.056        -1.759        -0.173        -1.421        -2.612
11.011_125        -0.682         0.713        -1.302        -0.036        -0.831        -2.138
11.011_150        -0.317         0.123        -0.799         0.008        -0.357        -1.342
11.011_200        -0.121         0.004        -0.331         0.004        -0.081        -0.525
11.012_080        -9.758        21.747        -4.257        -2.602        -4.602         0.528
11.012_085        -7.274        15.782        -3.695        -1.835        -3.820        -0.843
11.012_090        -5.484        11.519        -3.280        -1.280        -3.189        -1.713
11.012_095        -4.183         8.454        -2.948        -0.885        -2.665        -2.227
11.012_100        -3.231         6.237        -2.666        -0.607        -2.236        -2.504
11.012_105        -2.529         4.626        -2.419        -0.412        -1.883        -2.617
11.012_110        -2.005         3.446        -2.197        -0.277        -1.586        -2.618
11.012_125        -1.075         1.454        -1.648        -0.074        -0.957        -2.300
11.012_150        -0.473         0.365        -1.020         0.003        -0.432        -1.557
11.012_200        -0.152         0.026        -0.417         0.006        -0.100        -0.638
11.013_080       -29.212        54.646       -11.531        -6.849        -9.766        -2.711
11.013_085       -22.367        39.041        -9.808        -4.995        -8.102        -6.230
11.013_090       -17.348        27.946        -8.586        -3.584        -6.763        -8.335
11.013_095       -13.651        20.043        -7.649        -2.543        -5.666        -9.467
11.013_100       -10.909        14.406        -6.886        -1.790        -4.768        -9.947
11.013_105        -8.861        10.377        -6.237        -1.252        -4.020        -9.994
11.013_110        -7.317         7.491        -5.669        -0.871        -3.399        -9.766
11.013_125        -4.518         2.858        -4.305        -0.283        -2.086        -8.334
11.013_150        -2.572         0.602        -2.781        -0.032        -0.967        -5.750
11.013_200        -1.270         0.032        -1.271         0.007        -0.250        -2.753
11.014_080       -26.328        49.853        -9.942        -6.090        -9.476        -1.983
11.014_085       -20.015        35.310        -8.436        -4.394        -7.870        -5.405
11.014_090       -15.425        25.049        -7.369        -3.122        -6.561        -7.427
11.014_095       -12.071        17.799        -6.551        -2.195        -5.500        -8.518
11.014_100        -9.603        12.672        -5.885        -1.532        -4.618        -8.966
11.014_105        -7.773         9.037        -5.319        -1.064        -3.892        -9.011
11.014_110        -6.403         6.458        -4.825        -0.736        -3.289        -8.795
11.014_125        -3.946         2.386        -3.645        -0.237        -2.012        -7.454
11.014_150        -2.257         0.473        -2.342        -0.030        -0.935        -5.091
11.014_200        -1.124         0.022        -1.070         0.004        -0.250        -2.417
11.015_080       -23.116        43.906        -7.636        -4.909        -8.719        -0.473
11.015_085       -17.384        30.917        -6.374        -3.489        -7.168        -3.498
11.015_090       -13.243        21.807        -5.484        -2.441        -5.922        -5.283
11.015_095       -10.236        15.410        -4.808        -1.690        -4.903        -6.227
11.015_100        -8.038        10.913        -4.263        -1.161        -4.077        -6.627
11.015_105        -6.417         7.746        -3.807        -0.791        -3.396        -6.665
11.015_110        -5.210         5.513        -3.413        -0.536        -2.835        -6.482
11.015_125        -3.071         2.019        -2.495        -0.159        -1.673        -5.378
11.015_150        -1.641         0.401        -1.522        -0.013        -0.726        -3.503
11.015_200        -0.746         0.019        -0.633         0.004        -0.168        -1.524
12.001_080       -19.009        36.440        -8.555        -4.310        -8.182        -3.617
12.001_085       -14.780        26.360        -7.381        -3.272        -6.771        -5.844
12.001_090       -11.641        19.084        -6.536        -2.436        -5.621        -7.151
12.001_095        -9.302        13.827        -5.882        -1.790        -4.694        -7.840
12.001_100        -7.547        10.026        -5.341        -1.302        -3.935        -8.100
12.001_105        -6.222         7.277        -4.875        -0.941        -3.305        -8.067
12.001_110        -5.211         5.287        -4.462        -0.675        -2.791        -7.853
12.001_125        -3.344         2.038        -3.440        -0.242        -1.682        -6.670
12.001_150        -1.994         0.425        -2.250        -0.037        -0.755        -4.611
12.001_200        -1.028         0.020        -1.033         0.004        -0.180        -2.218
12.002_080       -15.298        30.620        -7.122        -4.145        -5.338        -1.282
12.002_085       -11.806        22.043        -5.872        -3.006        -4.335        -2.976
12.002_090        -9.202        15.862        -4.985        -2.140        -3.559        -4.024
12.002_095        -7.259        11.412        -4.315        -1.503        -2.946        -4.609
12.002_100        -5.802         8.212        -3.782        -1.043        -2.445        -4.860
12.002_105        -4.704         5.910        -3.343        -0.717        -2.037        -4.891
12.002_110        -3.870         4.255        -2.971        -0.488        -1.701        -4.774
12.002_125        -2.346         1.592        -2.127        -0.142        -1.009        -4.033
12.002_150        -1.283         0.315        -1.274        -0.007        -0.439        -2.689
12.002_200        -0.590         0.014        -0.529         0.005        -0.103        -1.203
12.003_080       -29.784        52.692       -12.441        -9.275        -7.380        -6.188
12.003_085       -24.867        39.501        -9.741        -7.220        -5.972        -8.300
12.003_090       -20.923        29.584        -7.887        -5.522        -4.909        -9.656
12.003_095       -17.764        22.144        -6.563        -4.172        -4.081       -10.435
12.003_100       -15.227        16.571        -5.581        -3.125        -3.406       -10.768
12.003_105       -13.180        12.399        -4.824        -2.328        -2.853       -10.785
12.003_110       -11.517         9.279        -4.222        -1.728        -2.406       -10.594
12.003_125        -8.095         3.898        -2.965        -0.699        -1.473        -9.335
12.003_150        -5.129         0.932        -1.787        -0.156        -0.684        -6.823
12.003_200        -2.659         0.058        -0.765        -0.008        -0.172        -3.546
13.001_080        -9.842        21.585        -4.748        -2.588        -4.425        -0.019
13.001_085        -7.294        15.395        -3.934        -1.860        -3.534        -1.228
13.001_090        -5.440        10.980        -3.341        -1.310        -2.857        -1.968
13.001_095        -4.088         7.834        -2.884        -0.909        -2.322        -2.370
13.001_100        -3.102         5.590        -2.515        -0.622        -1.898        -2.546
13.001_105        -2.378         3.992        -2.206        -0.420        -1.548        -2.560
13.001_110        -1.843         2.852        -1.942        -0.280        -1.266        -2.480
13.001_125        -0.924         1.045        -1.345        -0.076        -0.717        -2.017
13.001_150        -0.372         0.199        -0.758        -0.002        -0.284        -1.216
13.001_200        -0.112         0.008        -0.284         0.003        -0.057        -0.442
