# SAPT(DFT) benchmark energies with the asymptotically corrected B3LYP potential for IHB100x10
# All energy units have been converted to kcal/mol
# The DFT-SAPT calculations have been performed by E. Masumian and A. D. Boese (https://doi.org/10.1021/acs.jctc.3c00801)

System             Elst         Exch          Ind         deltaHF         Disp           Total     
01.001_080       -23.944        89.480       -44.707       -20.971       -11.065       -11.207
01.001_085       -21.813        70.218       -36.337       -18.006        -9.309       -15.248
01.001_090       -19.473        54.907       -30.008       -15.158        -7.881       -17.613
01.001_095       -17.179        42.800       -25.134       -12.594        -6.697       -18.804
01.001_100       -15.056        33.271       -21.313       -10.371        -5.718       -19.188
01.001_105       -13.156        25.800       -18.266        -8.490        -4.901       -19.013
01.001_110       -11.488        19.962       -15.799        -6.924        -4.211       -18.461
01.001_125        -7.729         9.141       -10.669        -3.722        -2.703       -15.681
01.001_150        -4.277         2.413        -6.112        -1.338        -1.329       -10.643
01.001_200        -1.719         0.157        -2.509        -0.201        -0.363        -4.634
02.001_080       -45.602        78.751       -27.262       -14.453        -9.492       -18.058
02.001_085       -40.521        60.449       -21.604       -11.928        -7.870       -21.472
02.001_090       -36.116        46.272       -17.521        -9.652        -6.572       -23.589
02.001_095       -32.353        35.336       -14.502        -7.714        -5.517       -24.751
02.001_100       -29.160        26.932       -12.214        -6.119        -4.654       -25.215
02.001_105       -26.454        20.492       -10.437        -4.834        -3.943       -25.175
02.001_110       -24.155        15.570        -9.026        -3.813        -3.348       -24.771
02.001_125       -19.057         6.786        -6.155        -1.886        -2.073       -22.385
02.001_150       -14.025         1.678        -3.625        -0.634        -0.969       -17.574
02.001_200        -8.998         0.102        -1.557        -0.105        -0.245       -10.802
02.002_080       -59.253        97.081       -35.642       -18.734       -11.707       -28.254
02.002_085       -53.567        76.046       -28.342       -16.013        -9.822       -31.698
02.002_090       -48.468        59.405       -23.042       -13.374        -8.299       -33.777
02.002_095       -43.993        46.298       -19.112       -11.004        -7.053       -34.864
02.002_100       -40.111        36.012       -16.132        -8.966        -6.028       -35.225
02.002_105       -36.761        27.966       -13.824        -7.261        -5.164       -35.043
02.002_110       -33.873        21.689       -11.996        -5.860        -4.441       -34.481
02.002_125       -27.320        10.053        -8.293        -3.073        -2.864       -31.496
02.002_150       -20.653         2.752        -5.021        -1.101        -1.426       -25.449
02.002_200       -13.739         0.203        -2.267        -0.193        -0.400       -16.395
02.003_080       -48.643        93.759       -33.536       -18.286       -11.596       -18.301
02.003_085       -43.076        73.195       -26.489       -15.554        -9.726       -21.650
02.003_090       -38.124        56.979       -21.389       -12.924        -8.205       -23.663
02.003_095       -33.814        44.247       -17.619       -10.575        -6.967       -24.729
02.003_100       -30.110        34.288       -14.770        -8.566        -5.941       -25.099
02.003_105       -26.946        26.525       -12.570        -6.893        -5.089       -24.973
02.003_110       -24.249        20.489       -10.834        -5.524        -4.354       -24.472
02.003_125       -18.282         9.376        -7.343        -2.827        -2.781       -21.857
02.003_150       -12.576         2.504        -4.317        -0.961        -1.364       -16.714
02.003_200        -7.366         0.174        -1.862        -0.148        -0.369        -9.571
02.004_080       -40.676        64.924       -20.735       -10.694        -8.820       -16.001
02.004_085       -35.785        49.093       -16.574        -8.621        -7.383       -19.269
02.004_090       -31.745        37.053       -13.594        -6.837        -6.214       -21.336
02.004_095       -28.424        27.927       -11.395        -5.369        -5.251       -22.512
02.004_100       -25.693        21.028        -9.724        -4.195        -4.448       -23.032
02.004_105       -23.436        15.820        -8.420        -3.273        -3.778       -23.086
02.004_110       -21.556        11.895        -7.375        -2.555        -3.216       -22.807
02.004_125       -17.482         5.046        -5.201        -1.243        -2.005       -20.885
02.004_150       -13.492         1.206        -3.188        -0.423        -0.942       -16.839
02.004_200        -9.268         0.070        -1.421        -0.077        -0.241       -10.937
02.005_080       -37.490        62.166       -12.769        -7.891       -10.307        -6.291
02.005_085       -31.420        45.903       -10.266        -6.127        -8.673       -10.582
02.005_090       -26.628        33.781        -8.459        -4.693        -7.315       -13.314
02.005_095       -22.840        24.783        -7.108        -3.564        -6.181       -14.909
02.005_100       -19.834        18.126        -6.063        -2.693        -5.224       -15.688
02.005_105       -17.434        13.217        -5.232        -2.032        -4.417       -15.898
02.005_110       -15.504         9.610        -4.557        -1.533        -3.740       -15.723
02.005_125       -11.589         3.639        -3.134        -0.671        -2.282       -14.038
02.005_150        -8.220         0.693        -1.836        -0.194        -1.033       -10.590
02.005_200        -5.209         0.023        -0.772        -0.029        -0.258        -6.244
02.006_080       -40.595        68.516       -19.866       -12.098        -9.414       -13.456
02.006_085       -35.591        51.968       -15.541        -9.720        -7.889       -16.772
02.006_090       -31.377        39.335       -12.488        -7.676        -6.653       -18.859
02.006_095       -27.856        29.724       -10.272        -5.998        -5.654       -20.056
02.006_100       -24.923        22.435        -8.617        -4.659        -4.817       -20.581
02.006_105       -22.475        16.917        -7.347        -3.610        -4.123       -20.638
02.006_110       -20.422        12.745        -6.348        -2.797        -3.545       -20.367
02.006_125       -15.955         5.428        -4.335        -1.323        -2.282       -18.468
02.006_150       -11.663         1.300        -2.583        -0.427        -1.148       -14.520
02.006_200        -7.473         0.076        -1.154        -0.073        -0.345        -8.970
02.007_080       -52.985        89.330       -28.093       -17.110       -11.587       -20.446
02.007_085       -47.208        69.424       -21.964       -14.292        -9.777       -23.818
02.007_090       -42.144        53.836       -17.596       -11.691        -8.307       -25.902
02.007_095       -37.777        41.675       -14.411        -9.435        -7.103       -27.050
02.007_100       -34.041        32.219       -12.033        -7.549        -6.102       -27.507
02.007_105       -30.857        24.885       -10.215        -6.009        -5.272       -27.468
02.007_110       -28.140        19.206        -8.793        -4.772        -4.576       -27.075
02.007_125       -22.089         8.800        -5.963        -2.395        -3.030       -24.678
02.007_150       -16.152         2.380        -3.536        -0.814        -1.591       -19.712
02.007_200       -10.373         0.176        -1.575        -0.140        -0.501       -12.414
02.008_080       -31.100        60.935       -16.500        -9.772       -11.180        -7.616
02.008_085       -26.283        45.614       -13.091        -7.702        -9.493       -10.955
02.008_090       -22.386        34.084       -10.691        -5.979        -8.106       -13.079
02.008_095       -19.248        25.433        -8.946        -4.599        -6.943       -14.303
02.008_100       -16.721        18.957        -7.636        -3.523        -5.974       -14.896
02.008_105       -14.679        14.117        -6.621        -2.695        -5.153       -15.031
02.008_110       -13.019        10.502        -5.814        -2.065        -4.456       -14.852
02.008_125        -9.603         4.307        -4.150        -0.955        -2.919       -13.320
02.008_150        -6.627         0.969        -2.626        -0.310        -1.503       -10.097
02.008_200        -4.029         0.049        -1.270        -0.061        -0.474        -5.785
02.009_080       -37.484        59.234       -15.799        -9.380        -9.089       -12.519
02.009_085       -32.444        44.274       -12.400        -7.401        -7.620       -15.591
02.009_090       -28.347        33.032       -10.024        -5.742        -6.431       -17.512
02.009_095       -25.024        24.610        -8.305        -4.412        -5.456       -18.587
02.009_100       -22.324        18.322        -7.019        -3.375        -4.641       -19.038
02.009_105       -20.119        13.631        -6.026        -2.579        -3.961       -19.054
02.009_110       -18.302        10.135        -5.238        -1.975        -3.394       -18.774
02.009_125       -14.446         4.148        -3.622        -0.913        -2.167       -17.001
02.009_150       -10.824         0.924        -2.177        -0.294        -1.067       -13.438
02.009_200        -7.209         0.045        -0.977        -0.052        -0.309        -8.502
02.010_080       -50.747        78.180       -22.470       -13.252       -11.500       -19.790
02.010_085       -44.621        59.831       -17.620       -10.874        -9.729       -23.014
02.010_090       -39.474        45.707       -14.213        -8.737        -8.279       -24.997
02.010_095       -35.182        34.869       -11.749        -6.930        -7.090       -26.082
02.010_100       -31.609        26.574        -9.913        -5.455        -6.101       -26.503
02.010_105       -28.630        20.242        -8.504        -4.279        -5.271       -26.442
02.010_110       -26.135        15.414        -7.393        -3.354        -4.564       -26.032
02.010_125       -20.713         6.793        -5.137        -1.639        -3.006       -23.703
02.010_150       -15.502         1.721        -3.124        -0.555        -1.559       -19.019
02.010_200       -10.317         0.109        -1.426        -0.102        -0.485       -12.221
02.011_080       -38.577        63.438       -17.164       -10.196        -9.892       -12.391
02.011_085       -33.325        47.705       -13.470        -8.110        -8.325       -15.525
02.011_090       -29.020        35.809       -10.885        -6.336        -7.042       -17.475
02.011_095       -25.505        26.842        -9.017        -4.898        -6.000       -18.578
02.011_100       -22.634        20.103        -7.620        -3.765        -5.130       -19.047
02.011_105       -20.280        15.047        -6.544        -2.889        -4.398       -19.064
02.011_110       -18.335        11.256        -5.692        -2.219        -3.784       -18.775
02.011_125       -14.200         4.693        -3.948        -1.030        -2.443       -16.928
02.011_150       -10.343         1.079        -2.389        -0.329        -1.231       -13.213
02.011_200        -6.607         0.056        -1.086        -0.057        -0.370        -8.065
02.012_080       -31.923        53.811       -13.336        -7.932        -8.952        -8.333
02.012_085       -26.980        39.800       -10.459        -6.184        -7.527       -11.351
02.012_090       -23.081        29.386        -8.461        -4.742        -6.362       -13.260
02.012_095       -20.007        21.674        -7.020        -3.602        -5.403       -14.358
02.012_100       -17.573        15.973        -5.944        -2.724        -4.596       -14.864
02.012_105       -15.634        11.759        -5.112        -2.059        -3.919       -14.964
02.012_110       -14.075         8.650        -4.450        -1.559        -3.350       -14.784
02.012_125       -10.902         3.422        -3.087        -0.699        -2.115       -13.380
02.012_150        -8.110         0.718        -1.858        -0.214        -1.021       -10.485
02.012_200        -5.450         0.031        -0.830        -0.035        -0.286        -6.572
02.013_080       -47.348        60.162       -15.372        -7.154       -10.407       -20.120
02.013_085       -42.288        46.815       -12.866        -5.887        -9.032       -23.258
02.013_090       -38.113        36.597       -11.053        -4.830        -7.881       -25.280
02.013_095       -34.640        28.725        -9.677        -3.969        -6.898       -26.458
02.013_100       -31.724        22.621        -8.586        -3.272        -6.052       -27.013
02.013_105       -29.246        17.855        -7.690        -2.708        -5.319       -27.109
02.013_110       -27.120        14.112        -6.932        -2.248        -4.679       -26.866
02.013_125       -22.231         6.956        -5.194        -1.300        -3.194       -24.963
02.013_150       -16.986         2.045        -3.328        -0.535        -1.694       -20.497
02.013_200       -11.104         0.139        -1.484        -0.106        -0.497       -13.052
02.014_080       -24.914        42.358       -10.770        -3.944        -9.376        -6.647
02.014_085       -20.837        31.297        -9.094        -3.227        -7.902        -9.764
02.014_090       -17.601        22.947        -7.781        -2.578        -6.662       -11.676
02.014_095       -15.027        16.707        -6.728        -2.027        -5.622       -12.698
02.014_100       -12.968        12.085        -5.866        -1.579        -4.748       -13.077
02.014_105       -11.308         8.686        -5.149        -1.225        -3.997       -12.993
02.014_110        -9.964         6.207        -4.546        -0.949        -3.364       -12.616
02.014_125        -7.173         2.193        -3.212        -0.449        -2.032       -10.673
02.014_150        -4.714         0.357        -1.932        -0.147        -0.913        -7.349
02.014_200        -2.548         0.008        -0.842        -0.024        -0.234        -3.640
02.015_080       -39.821        64.523       -13.374        -8.336       -10.689        -7.697
02.015_085       -33.545        46.319       -10.446        -6.205        -8.846       -12.723
02.015_090       -28.688        33.209        -8.423        -4.570        -7.360       -15.834
02.015_095       -24.913        23.785        -6.967        -3.351        -6.138       -17.584
02.015_100       -21.953        17.019        -5.878        -2.457        -5.131       -18.401
02.015_105       -19.608        12.168        -5.036        -1.808        -4.298       -18.581
02.015_110       -17.725         8.695        -4.367        -1.338        -3.606       -18.341
02.015_125       -13.866         3.165        -2.994        -0.573        -2.162       -16.431
02.015_150       -10.350         0.587        -1.766        -0.176        -0.966       -12.672
02.015_200        -6.862         0.020        -0.752        -0.031        -0.245        -7.869
03.001_080       -27.785        54.606       -21.375        -9.156        -7.994       -11.704
03.001_085       -24.476        40.593       -17.275        -7.275        -6.484       -14.917
03.001_090       -21.689        30.056       -14.288        -5.678        -5.306       -16.904
03.001_095       -19.365        22.171       -12.044        -4.384        -4.364       -17.986
03.001_100       -17.434        16.298       -10.308        -3.367        -3.608       -18.419
03.001_105       -15.828        11.943        -8.930        -2.582        -2.998       -18.395
03.001_110       -14.484         8.725        -7.812        -1.983        -2.497       -18.050
03.001_125       -11.558         3.348        -5.458        -0.925        -1.472       -16.064
03.001_150        -8.692         0.650        -3.295        -0.303        -0.646       -12.286
03.001_200        -5.733         0.022        -1.474        -0.055        -0.154        -7.394
03.002_080       -50.354        79.740       -29.061       -14.349       -10.401       -24.426
03.002_085       -45.557        61.451       -23.071       -12.071        -8.527       -27.776
03.002_090       -41.298        47.190       -18.736        -9.912        -7.032       -29.789
03.002_095       -37.583        36.126       -15.524        -8.011        -5.843       -30.836
03.002_100       -34.370        27.578       -13.085        -6.410        -4.888       -31.176
03.002_105       -31.600        20.999       -11.188        -5.098        -4.097       -30.984
03.002_110       -29.210        15.952        -9.679        -4.041        -3.454       -30.433
03.002_125       -23.759         6.903        -6.599        -2.014        -2.107       -27.576
03.002_150       -18.125         1.651        -3.873        -0.676        -0.962       -21.985
03.002_200       -12.154         0.087        -1.657        -0.112        -0.233       -14.069
03.003_080       -39.099        61.125       -14.583        -9.358        -8.614       -10.530
03.003_085       -33.692        46.376       -11.213        -7.576        -7.146       -13.251
03.003_090       -29.233        35.122        -8.884        -6.011        -5.969       -14.975
03.003_095       -25.565        26.558        -7.227        -4.707        -5.013       -15.954
03.003_100       -22.545        20.057        -6.011        -3.656        -4.237       -16.392
03.003_105       -20.051        15.131        -5.089        -2.827        -3.593       -16.429
03.003_110       -17.978        11.403        -4.370        -2.183        -3.053       -16.182
03.003_125       -13.533         4.847        -2.930        -1.015        -1.899       -14.530
03.003_150        -9.393         1.141        -1.668        -0.316        -0.888       -11.125
03.003_200        -5.586         0.060        -0.658        -0.051        -0.224        -6.459
03.004_080       -32.542        55.840       -14.071        -6.927       -10.329        -8.029
03.004_085       -27.527        42.509       -11.237        -5.585        -8.785       -10.625
03.004_090       -23.487        32.401        -9.268        -4.432        -7.526       -12.311
03.004_095       -20.226        24.734        -7.852        -3.489        -6.476       -13.309
03.004_100       -17.582        18.913        -6.798        -2.739        -5.596       -13.802
03.004_105       -15.422        14.487        -5.985        -2.154        -4.850       -13.923
03.004_110       -13.642        11.118        -5.336        -1.700        -4.212       -13.773
03.004_125        -9.861         5.069        -3.972        -0.872        -2.785       -12.422
03.004_150        -6.369         1.398        -2.618        -0.341        -1.439        -9.369
03.004_200        -3.243         0.108        -1.245        -0.079        -0.427        -4.887
03.005_080       -38.601        61.225       -17.640       -10.226        -8.632       -13.874
03.005_085       -34.076        46.105       -13.734        -8.211        -7.092       -17.007
03.005_090       -30.265        34.620       -10.981        -6.463        -5.887       -18.976
03.005_095       -27.079        25.931        -8.985        -5.024        -4.920       -20.076
03.005_100       -24.420        19.382        -7.495        -3.876        -4.123       -20.533
03.005_105       -22.196        14.455        -6.352        -2.979        -3.478       -20.549
03.005_110       -20.325        10.758        -5.452        -2.288        -2.945       -20.252
03.005_125       -16.222         4.389        -3.644        -1.053        -1.822       -18.351
03.005_150       -12.198         0.957        -2.090        -0.326        -0.863       -14.520
03.005_200        -8.114         0.042        -0.878        -0.053        -0.233        -9.235
03.006_080       -40.037        76.975       -21.244       -13.423       -14.816       -12.544
03.006_085       -34.183        58.627       -16.770       -11.078       -12.594       -15.998
03.006_090       -29.357        44.548       -13.612        -8.964       -10.735       -18.120
03.006_095       -25.404        33.791       -11.321        -7.161        -9.208       -19.303
03.006_100       -22.170        25.589        -9.607        -5.675        -7.929       -19.793
03.006_105       -19.521        19.347        -8.288        -4.477        -6.855       -19.794
03.006_110       -17.343        14.609        -7.245        -3.525        -5.938       -19.442
03.006_125       -12.785         6.244        -5.108        -1.734        -3.900       -17.284
03.006_150        -8.757         1.484        -3.157        -0.581        -2.008       -13.019
03.006_200        -5.268         0.080        -1.443        -0.101        -0.616        -7.347
03.007_080       -41.075        61.600       -17.199        -9.285        -9.641       -15.599
03.007_085       -35.936        46.350       -13.440        -7.514        -8.010       -18.549
03.007_090       -31.701        34.792       -10.811        -5.942        -6.678       -20.341
03.007_095       -28.225        26.065        -8.913        -4.635        -5.614       -21.321
03.007_100       -25.369        19.493        -7.498        -3.586        -4.731       -21.691
03.007_105       -23.013        14.558        -6.409        -2.766        -4.011       -21.641
03.007_110       -21.055        10.857        -5.549        -2.132        -3.415       -21.294
03.007_125       -16.839         4.460        -3.798        -0.998        -2.135       -19.310
03.007_150       -12.795         0.984        -2.250        -0.323        -1.027       -15.411
03.007_200        -8.670         0.045        -0.988        -0.057        -0.284        -9.954
03.008_080       -47.200        75.180       -19.578       -11.723       -10.538       -13.858
03.008_085       -40.632        57.902       -15.037        -9.862        -8.832       -16.461
03.008_090       -35.156        44.510       -11.875        -8.083        -7.455       -18.059
03.008_095       -30.616        34.163        -9.618        -6.513        -6.301       -18.886
03.008_100       -26.859        26.192        -7.962        -5.191        -5.370       -19.190
03.008_105       -23.745        20.063        -6.709        -4.110        -4.586       -19.085
03.008_110       -21.155        15.357        -5.734        -3.241        -3.930       -18.703
03.008_125       -15.626         6.836        -3.796        -1.587        -2.506       -16.679
03.008_150       -10.596         1.731        -2.124        -0.516        -1.214       -12.719
03.008_200        -6.211         0.104        -0.823        -0.081        -0.320        -7.331
03.009_080       -57.097       102.037       -30.611       -16.739       -15.648       -18.058
03.009_085       -49.191        80.395       -23.641       -14.782       -13.322       -20.542
03.009_090       -42.449        63.237       -18.704       -12.644       -11.405       -21.966
03.009_095       -36.759        49.673       -15.147       -10.592        -9.806       -22.632
03.009_100       -31.985        38.978       -12.532        -8.751        -8.463       -22.753
03.009_105       -27.991        30.563       -10.567        -7.163        -7.341       -22.498
03.009_110       -24.650        23.955        -9.054        -5.828        -6.382       -21.959
03.009_125       -17.505        11.508        -6.105        -3.096        -4.267       -19.464
03.009_150       -11.145         3.362        -3.607        -1.110        -2.239       -14.738
03.009_200        -6.034         0.280        -1.557        -0.191        -0.685        -8.187
03.010_080       -40.493        75.979       -20.595       -11.399       -13.322        -9.830
03.010_085       -34.037        58.469       -16.125        -9.527       -11.284       -12.506
03.010_090       -28.740        44.955       -13.001        -7.776        -9.630       -14.192
03.010_095       -24.414        34.551       -10.760        -6.253        -8.261       -15.138
03.010_100       -20.884        26.550        -9.107        -4.984        -7.118       -15.544
03.010_105       -17.999        20.404        -7.849        -3.954        -6.151       -15.549
03.010_110       -15.634        15.686        -6.864        -3.131        -5.331       -15.273
03.010_125       -10.727         7.132        -4.869        -1.572        -3.517       -13.553
03.010_150        -6.522         1.921        -3.049        -0.553        -1.817       -10.020
03.010_200        -3.256         0.142        -1.411        -0.106        -0.549        -5.180
03.011_080       -53.172        89.375       -25.036       -14.308       -13.059       -16.201
03.011_085       -45.822        69.754       -19.275       -12.365       -11.035       -18.743
03.011_090       -39.619        54.348       -15.228       -10.379        -9.383       -20.261
03.011_095       -34.425        42.286       -12.328        -8.548        -8.017       -21.033
03.011_100       -30.093        32.867       -10.202        -6.953        -6.883       -21.264
03.011_105       -26.483        25.530        -8.601        -5.610        -5.931       -21.096
03.011_110       -23.470        19.818        -7.365        -4.504        -5.129       -20.650
03.011_125       -17.028         9.237        -4.934        -2.313        -3.364       -18.402
03.011_150       -11.226         2.550        -2.853        -0.798        -1.707       -14.034
03.011_200        -6.367         0.187        -1.176        -0.134        -0.491        -7.980
03.012_080       -30.343        61.025       -17.619       -10.327       -11.057        -8.323
03.012_085       -25.421        45.935       -13.785        -8.435        -9.248       -10.954
03.012_090       -21.420        34.494       -11.102        -6.736        -7.762       -12.526
03.012_095       -18.188        25.855        -9.164        -5.304        -6.574       -13.376
03.012_100       -15.583        19.347        -7.716        -4.142        -5.591       -13.686
03.012_105       -13.479        14.457        -6.600        -3.221        -4.762       -13.605
03.012_110       -11.773        10.784        -5.714        -2.502        -4.077       -13.282
03.012_125        -8.299         4.427        -3.902        -1.189        -2.595       -11.558
03.012_150        -5.396         0.974        -2.291        -0.384        -1.276        -8.374
03.012_200        -3.079         0.044        -0.987        -0.064        -0.365        -4.450
03.013_080       -59.223       112.967       -36.095       -18.952       -18.259       -19.562
03.013_085       -50.971        89.622       -27.963       -17.042       -15.628       -21.982
03.013_090       -43.869        70.976       -22.162       -14.803       -13.432       -23.290
03.013_095       -37.835        56.129       -17.962       -12.571       -11.638       -23.877
03.013_100       -32.749        44.338       -14.865       -10.514       -10.091       -23.881
03.013_105       -28.479        34.996       -12.535        -8.703        -8.778       -23.499
03.013_110       -24.900        27.609       -10.743        -7.155        -7.670       -22.859
03.013_125       -17.252        13.534        -7.271        -3.901        -5.205       -20.095
03.013_150       -10.528         4.100        -4.356        -1.438        -2.794       -15.016
03.013_200        -5.357         0.372        -1.947        -0.249        -0.892        -8.073
03.014_080       -39.247        50.812       -12.949        -4.888        -9.870       -16.142
03.014_085       -34.729        38.281       -10.749        -4.112        -8.230       -19.540
03.014_090       -31.024        28.647        -9.080        -3.365        -6.873       -21.694
03.014_095       -27.966        21.304        -7.780        -2.704        -5.748       -22.894
03.014_100       -25.427        15.754        -6.741        -2.150        -4.810       -23.374
03.014_105       -23.299        11.586        -5.892        -1.700        -4.031       -23.335
03.014_110       -21.499         8.477        -5.185        -1.341        -3.386       -22.933
03.014_125       -17.471         3.231        -3.634        -0.669        -2.018       -20.560
03.014_150       -13.297         0.601        -2.138        -0.236        -0.881       -15.951
03.014_200        -8.737         0.017        -0.878        -0.043        -0.209        -9.849
03.015_080       -49.660        74.833       -19.751        -7.187       -14.214       -15.980
03.015_085       -43.260        58.389       -16.208        -6.504       -12.122       -19.705
03.015_090       -37.894        45.354       -13.553        -5.663       -10.360       -22.116
03.015_095       -33.392        35.096       -11.530        -4.806        -8.851       -23.483
03.015_100       -29.605        27.071        -9.956        -4.010        -7.591       -24.090
03.015_105       -26.408        20.825        -8.704        -3.308        -6.520       -24.115
03.015_110       -23.696        15.977        -7.686        -2.710        -5.611       -23.726
03.015_125       -17.694         7.119        -5.518        -1.472        -3.594       -21.158
03.015_150       -11.888         1.790        -3.421        -0.561        -1.751       -15.831
03.015_200        -6.602         0.105        -1.500        -0.110        -0.473        -8.579
04.001_080       -46.797        74.400       -26.494       -13.105        -9.986       -21.982
04.001_085       -42.206        57.596       -20.989       -11.320        -8.154       -25.074
04.001_090       -38.127        44.436       -17.017        -9.503        -6.696       -26.907
04.001_095       -34.559        34.176       -14.086        -7.831        -5.537       -27.837
04.001_100       -31.463        26.211       -11.869        -6.374        -4.614       -28.110
04.001_105       -28.785        20.057       -10.151        -5.147        -3.863       -27.890
04.001_110       -26.468        15.313        -8.788        -4.138        -3.240       -27.320
04.001_125       -21.166         6.733        -6.002        -2.138        -1.943       -24.517
04.001_150       -15.709         1.655        -3.505        -0.752        -0.858       -19.169
04.001_200       -10.119         0.093        -1.443        -0.129        -0.196       -11.794
04.002_080       -38.231        60.410       -17.338       -10.031        -8.778       -13.968
04.002_085       -33.835        45.880       -13.476        -8.324        -7.193       -16.949
04.002_090       -30.089        34.735       -10.766        -6.731        -5.940       -18.792
04.002_095       -26.923        26.228        -8.812        -5.353        -4.947       -19.807
04.002_100       -24.253        19.753        -7.358        -4.211        -4.144       -20.214
04.002_105       -22.000        14.843        -6.246        -3.292        -3.488       -20.183
04.002_110       -20.091        11.131        -5.372        -2.564        -2.941       -19.837
04.002_125       -15.864         4.636        -3.609        -1.217        -1.804       -17.858
04.002_150       -11.705         1.041        -2.064        -0.385        -0.832       -13.946
04.002_200        -7.584         0.049        -0.841        -0.062        -0.214        -8.652
04.003_080       -41.187        61.677       -17.581        -8.646       -10.192       -15.929
04.003_085       -36.103        46.871       -13.691        -7.327        -8.428       -18.678
04.003_090       -31.864        35.522       -10.980        -6.009        -7.016       -20.348
04.003_095       -28.347        26.855        -9.032        -4.828        -5.871       -21.223
04.003_100       -25.430        20.268        -7.588        -3.830        -4.960       -21.540
04.003_105       -23.004        15.266        -6.482        -3.016        -4.181       -21.416
04.003_110       -20.974        11.473        -5.610        -2.367        -3.540       -21.019
04.003_125       -16.573         4.818        -3.838        -1.152        -2.199       -18.945
04.003_150       -12.352         1.097        -2.258        -0.385        -1.030       -14.929
04.003_200        -8.163         0.052        -0.961        -0.069        -0.271        -9.412
04.004_080       -33.436        44.425       -11.195        -3.570        -8.920       -12.695
04.004_085       -29.596        33.314        -9.119        -3.108        -7.352       -15.861
04.004_090       -26.425        24.830        -7.608        -2.596        -6.056       -17.856
04.004_095       -23.794        18.401        -6.472        -2.113        -5.018       -18.995
04.004_100       -21.594        13.561        -5.588        -1.693        -4.161       -19.475
04.004_105       -19.740         9.942        -4.877        -1.346        -3.459       -19.479
04.004_110       -18.163         7.254        -4.291        -1.066        -2.883       -19.150
04.004_125       -14.609         2.744        -3.008        -0.539        -1.674       -17.085
04.004_150       -10.915         0.508        -1.754        -0.195        -0.701       -13.057
04.004_200        -6.966         0.015        -0.693        -0.036        -0.154        -7.834
05.001_080       -74.084        97.893       -18.265       -10.340       -11.919       -16.715
05.001_085       -63.607        75.162       -14.460        -8.349       -10.370       -21.624
05.001_090       -55.039        57.762       -11.821        -6.603        -8.996       -24.698
05.001_095       -48.042        44.473        -9.939        -5.148        -7.810       -26.467
05.001_100       -42.314        34.334        -8.552        -3.975        -6.782       -27.289
05.001_105       -37.605        26.602        -7.495        -3.048        -5.883       -27.429
05.001_110       -33.710        20.695        -6.663        -2.325        -5.120       -27.124
05.001_125       -25.427        10.016        -4.938        -1.017        -3.327       -24.692
05.001_150       -17.803         3.330        -3.240        -0.253        -1.667       -19.633
05.001_200       -10.834         0.508        -1.521        -0.015        -0.464       -12.327
05.002_080       -63.325       120.641       -40.072       -24.993       -13.211       -20.960
05.002_085       -56.672        97.257       -31.331       -21.875       -11.362       -23.983
05.002_090       -50.468        78.281       -25.003       -18.670        -9.851       -25.711
05.002_095       -44.863        62.932       -20.354       -15.664        -8.603       -26.551
05.002_100       -39.899        50.550       -16.880       -12.984        -7.549       -26.762
05.002_105       -35.554        40.580       -14.236       -10.672        -6.661       -26.543
05.002_110       -31.778        32.563       -12.186        -8.719        -5.899       -26.019
05.002_125       -23.233        16.820        -8.189        -4.659        -4.169       -23.429
05.002_150       -15.004         5.655        -4.860        -1.609        -2.408       -18.226
05.002_200        -7.915         0.682        -2.158        -0.203        -0.861       -10.455
05.003_080       -76.670       155.790       -60.611       -34.771       -15.346       -31.608
05.003_085       -70.516       129.084       -47.781       -32.135       -13.250       -34.598
05.003_090       -64.151       106.715       -38.260       -28.766       -11.507       -35.969
05.003_095       -57.988        88.065       -31.124       -25.196       -10.082       -36.325
05.003_100       -52.243        72.574       -25.715       -21.731        -8.898       -36.011
05.003_105       -47.010        59.744       -21.561       -18.532        -7.875       -35.234
05.003_110       -42.316        49.141       -18.326       -15.674        -7.010       -34.185
05.003_125       -31.214        27.254       -12.052        -9.189        -5.043       -30.244
05.003_150       -19.994        10.186        -6.982        -3.598        -3.017       -23.404
05.003_200       -10.231         1.475        -3.019        -0.539        -1.128       -13.441
05.004_080       -50.287        80.204       -18.498       -11.583       -11.134       -11.299
05.004_085       -42.956        61.782       -14.575        -9.405        -9.589       -14.743
05.004_090       -36.882        47.568       -11.828        -7.489        -8.289       -16.919
05.004_095       -31.878        36.618        -9.846        -5.887        -7.182       -18.175
05.004_100       -27.761        28.189        -8.371        -4.589        -6.253       -18.785
05.004_105       -24.372        21.710        -7.238        -3.558        -5.440       -18.898
05.004_110       -21.573        16.732        -6.343        -2.749        -4.750       -18.683
05.004_125       -15.679         7.707        -4.496        -1.260        -3.174       -16.903
05.004_150       -10.460         2.178        -2.772        -0.349        -1.654       -13.058
05.004_200        -6.056         0.198        -1.227        -0.031        -0.489        -7.607
05.005_080       -46.202        74.168       -16.402       -10.490       -10.716        -9.643
05.005_085       -39.244        56.719       -12.862        -8.424        -9.222       -13.033
05.005_090       -33.529        43.346       -10.395        -6.640        -7.961       -15.178
05.005_095       -28.857        33.112        -8.620        -5.171        -6.899       -16.434
05.005_100       -25.043        25.293        -7.302        -3.995        -5.986       -17.033
05.005_105       -21.923        19.326        -6.291        -3.071        -5.205       -17.164
05.005_110       -19.361        14.776        -5.492        -2.355        -4.534       -16.966
05.005_125       -14.018         6.642        -3.850        -1.058        -3.016       -15.300
05.005_150        -9.346         1.797        -2.339        -0.288        -1.560       -11.736
05.005_200        -5.432         0.148        -1.023        -0.027        -0.462        -6.796
05.006_080       -39.158        63.003       -12.994        -8.590        -9.626        -7.366
05.006_085       -32.943        47.510       -10.188        -6.737        -8.237       -10.594
05.006_090       -27.931        35.785        -8.247        -5.193        -7.078       -12.664
05.006_095       -23.902        26.929        -6.856        -3.958        -6.099       -13.887
05.006_100       -20.663        20.259        -5.822        -2.996        -5.266       -14.488
05.006_105       -18.048        15.241        -5.027        -2.257        -4.550       -14.641
05.006_110       -15.927        11.469        -4.395        -1.697        -3.937       -14.488
05.006_125       -11.581         4.898        -3.087        -0.720        -2.566       -13.056
05.006_150        -7.851         1.199        -1.877        -0.178        -1.279        -9.985
05.006_200        -4.678         0.077        -0.827        -0.013        -0.356        -5.798
05.007_080       -47.375        75.201       -15.808       -10.731       -10.220        -8.932
05.007_085       -40.402        58.015       -12.445        -8.601        -8.807       -12.240
05.007_090       -34.679        44.809       -10.101        -6.785        -7.629       -14.385
05.007_095       -29.993        34.663        -8.418        -5.298        -6.631       -15.677
05.007_100       -26.153        26.866        -7.171        -4.111        -5.771       -16.340
05.007_105       -22.997        20.870        -6.220        -3.177        -5.032       -16.556
05.007_110       -20.390        16.251        -5.471        -2.451        -4.397       -16.458
05.007_125       -14.887         7.793        -3.938        -1.126        -2.950       -15.109
05.007_150        -9.953         2.409        -2.492        -0.318        -1.546       -11.900
05.007_200        -5.699         0.275        -1.121        -0.030        -0.462        -7.037
05.008_080       -67.801       114.772       -32.766       -19.557       -14.660       -20.012
05.008_085       -59.208        90.697       -26.291       -16.515       -12.700       -24.017
05.008_090       -51.786        71.635       -21.648       -13.661       -11.041       -26.500
05.008_095       -45.451        56.571       -18.240       -11.145        -9.655       -27.920
05.008_100       -40.077        44.678       -15.676        -9.009        -8.480       -28.563
05.008_105       -35.533        35.297       -13.694        -7.237        -7.469       -28.637
05.008_110       -31.691        27.900       -12.123        -5.791        -6.594       -28.299
05.008_125       -23.319        13.862        -8.886        -2.939        -4.596       -25.879
05.008_150       -15.569         4.427        -5.832        -0.963        -2.576       -20.513
05.008_200        -8.928         0.499        -2.907        -0.122        -0.881       -12.339
05.009_080       -60.037       104.496       -30.366       -17.352       -14.220       -17.479
05.009_085       -52.865        83.415       -24.012       -14.787       -12.497       -20.746
05.009_090       -46.508        66.593       -19.472       -12.322       -11.072       -22.782
05.009_095       -40.967        53.188       -16.157       -10.123        -9.876       -23.935
05.009_100       -36.185        42.513       -13.678        -8.240        -8.824       -24.415
05.009_105       -32.079        34.013       -11.780        -6.671        -7.925       -24.442
05.009_110       -28.563        27.242       -10.290        -5.386        -7.142       -24.137
05.009_125       -20.751        14.115        -7.295        -2.830        -5.291       -22.052
05.009_150       -13.387         4.866        -4.634        -1.015        -3.271       -17.442
05.009_200        -7.277         0.617        -2.280        -0.175        -1.326       -10.442
05.010_080       -51.841        86.371       -21.941       -13.861       -12.272       -13.544
05.010_085       -44.745        67.114       -17.592       -11.323       -10.635       -17.182
05.010_090       -38.770        52.103       -14.522        -9.088        -9.262       -19.539
05.010_095       -33.779        40.425       -12.292        -7.210        -8.089       -20.945
05.010_100       -29.626        31.355       -10.619        -5.678        -7.086       -21.654
05.010_105       -26.173        24.320        -9.324        -4.450        -6.228       -21.854
05.010_110       -23.296        18.871        -8.291        -3.479        -5.477       -21.673
05.010_125       -17.157         8.843        -6.130        -1.658        -3.761       -19.863
05.010_150       -11.620         2.525        -4.041        -0.499        -2.044       -15.679
05.010_200        -6.862         0.214        -2.027        -0.057        -0.659        -9.391
05.011_080       -58.595        97.319       -28.209       -17.072       -11.670       -18.228
05.011_085       -51.542        77.592       -22.590       -14.404       -10.216       -21.159
05.011_090       -45.432        61.942       -18.588       -11.927        -8.993       -22.997
05.011_095       -40.201        49.534       -15.672        -9.759        -7.986       -24.085
05.011_100       -35.750        39.692       -13.494        -7.926        -7.087       -24.566
05.011_105       -31.969        31.877       -11.823        -6.410        -6.325       -24.651
05.011_110       -28.754        25.662       -10.510        -5.173        -5.668       -24.443
05.011_125       -21.658        13.595        -7.844        -2.719        -4.118       -22.745
05.011_150       -14.895         4.958        -5.363        -0.965        -2.476       -18.740
05.011_200        -8.784         0.765        -2.860        -0.144        -0.945       -11.968
05.012_080       -85.358       160.058       -62.295       -32.597       -15.006       -35.199
05.012_085       -78.509       133.427       -49.399       -30.433       -13.062       -37.976
05.012_090       -71.553       111.083       -39.800       -27.425       -11.469       -39.164
05.012_095       -64.875        92.409       -32.575       -24.139       -10.110       -39.290
05.012_100       -58.673        76.851       -27.069       -20.903        -8.972       -38.766
05.012_105       -53.030        63.916       -22.815       -17.893        -8.002       -37.824
05.012_110       -47.962        53.177       -19.479       -15.190        -7.164       -36.618
05.012_125       -35.918        30.763       -12.917        -9.018        -5.204       -32.294
05.012_150       -23.551        12.686        -7.502        -3.634        -3.134       -25.136
05.012_200       -12.458         2.438        -3.212        -0.592        -1.179       -15.004
05.013_080       -33.558        52.385       -10.723        -7.230        -6.970        -6.096
05.013_085       -28.295        39.165        -8.246        -5.581        -5.890        -8.848
05.013_090       -24.071        29.238        -6.547        -4.236        -5.001       -10.616
05.013_095       -20.689        21.805        -5.338        -3.179        -4.262       -11.664
05.013_100       -17.978        16.251        -4.449        -2.369        -3.644       -12.189
05.013_105       -15.796        12.111        -3.771        -1.758        -3.122       -12.336
05.013_110       -14.028         9.028        -3.240        -1.301        -2.677       -12.218
05.013_125       -10.406         3.746        -2.170        -0.525        -1.700       -11.054
05.013_150        -7.264         0.876        -1.238        -0.118        -0.814        -8.557
05.013_200        -4.509         0.052        -0.500        -0.007        -0.211        -5.175
05.014_080       -46.283        72.276       -15.650       -10.312        -8.508        -8.477
05.014_085       -39.452        55.437       -11.925        -8.371        -7.275       -11.586
05.014_090       -33.811        42.478        -9.362        -6.645        -6.257       -13.599
05.014_095       -29.178        32.521        -7.553        -5.197        -5.384       -14.790
05.014_100       -25.381        24.883        -6.237        -4.022        -4.654       -15.411
05.014_105       -22.264        19.034        -5.252        -3.092        -4.024       -15.599
05.014_110       -19.699        14.564        -4.492        -2.366        -3.492       -15.485
05.014_125       -14.324         6.544        -2.994        -1.045        -2.282       -14.101
05.014_150        -9.589         1.758        -1.702        -0.267        -1.135       -10.935
05.014_200        -5.602         0.140        -0.671        -0.019        -0.303        -6.455
05.015_080       -51.350        70.477       -10.617        -6.418       -10.168        -8.075
05.015_085       -42.812        52.176        -8.179        -4.957        -8.669       -12.440
05.015_090       -36.062        38.581        -6.533        -3.751        -7.387       -15.153
05.015_095       -30.720        28.512        -5.382        -2.799        -6.291       -16.680
05.015_100       -26.476        21.072        -4.544        -2.070        -5.364       -17.381
05.015_105       -23.086        15.574        -3.909        -1.521        -4.553       -17.495
05.015_110       -20.358        11.510        -3.409        -1.113        -3.870       -17.240
05.015_125       -14.815         4.665        -2.372        -0.435        -2.385       -15.342
05.015_150       -10.070         1.064        -1.389        -0.095        -1.079       -11.569
05.015_200        -5.985         0.063        -0.541        -0.007        -0.251        -6.721
06.001_080       -61.124       118.173       -43.329       -23.396       -14.466       -24.144
06.001_085       -55.305        95.551       -33.991       -20.816       -12.188       -26.748
06.001_090       -49.715        77.102       -27.171       -17.970       -10.322       -28.076
06.001_095       -44.551        62.110       -22.120       -15.197        -8.829       -28.587
06.001_100       -39.891        49.963       -18.321       -12.667        -7.605       -28.522
06.001_105       -35.749        40.145       -15.415       -10.447        -6.587       -28.054
06.001_110       -32.101        32.222       -13.152        -8.550        -5.740       -27.321
06.001_125       -23.668        16.594        -8.723        -4.557        -3.890       -24.244
06.001_150       -15.285         5.474        -5.035        -1.538        -2.119       -18.503
06.001_200        -7.881         0.605        -2.110        -0.178        -0.685       -10.248
06.002_080       -59.256       100.763       -33.280       -16.372       -13.515       -21.661
06.002_085       -52.552        80.343       -26.452       -14.207       -11.501       -24.369
06.002_090       -46.569        64.010       -21.539       -11.986        -9.872       -25.956
06.002_095       -41.324        50.972       -17.935        -9.927        -8.565       -26.778
06.002_100       -36.778        40.580       -15.233        -8.119        -7.453       -27.003
06.002_105       -32.859        32.303       -13.161        -6.585        -6.529       -26.831
06.002_110       -29.492        25.715       -11.533        -5.311        -5.728       -26.349
06.002_125       -21.960        13.014        -8.255        -2.744        -3.961       -23.906
06.002_150       -14.726         4.251        -5.292        -0.918        -2.234       -18.919
06.002_200        -8.341         0.478        -2.585        -0.120        -0.755       -11.324
06.003_080       -40.837        64.136       -15.868        -8.868        -8.370        -9.807
06.003_085       -35.130        49.038       -12.197        -7.173        -6.985       -12.447
06.003_090       -30.354        37.432        -9.638        -5.665        -5.864       -14.089
06.003_095       -26.386        28.531        -7.806        -4.402        -4.960       -15.022
06.003_100       -23.098        21.720        -6.456        -3.383        -4.217       -15.433
06.003_105       -20.373        16.522        -5.432        -2.579        -3.597       -15.460
06.003_110       -18.109        12.562        -4.634        -1.956        -3.064       -15.202
06.003_125       -13.285         5.520        -3.043        -0.840        -1.939       -13.588
06.003_150        -8.916         1.411        -1.677        -0.203        -0.919       -10.304
06.003_200        -5.138         0.099        -0.629        -0.012        -0.230        -5.911
07.001_080       -46.501        73.795       -20.622        -9.550       -10.703       -13.580
07.001_085       -40.330        57.849       -15.917        -8.375        -9.013       -15.787
07.001_090       -35.041        45.311       -12.606        -7.078        -7.639       -17.053
07.001_095       -30.553        35.471       -10.229        -5.838        -6.509       -17.659
07.001_100       -26.763        27.760        -8.484        -4.735        -5.567       -17.789
07.001_105       -23.567        21.723        -7.170        -3.795        -4.798       -17.608
07.001_110       -20.873        16.997        -6.157        -3.016        -4.150       -17.199
07.001_125       -15.027         8.135        -4.166        -1.471        -2.698       -15.226
07.001_150        -9.680         2.387        -2.427        -0.431        -1.365       -11.516
07.001_200        -5.232         0.213        -0.968        -0.041        -0.378        -6.406
07.002_080       -41.815        64.258       -16.409        -8.539        -8.980       -11.485
07.002_085       -36.237        49.880       -12.579        -7.243        -7.445       -13.623
07.002_090       -31.497        38.683        -9.897        -5.955        -6.246       -14.912
07.002_095       -27.500        29.981        -7.978        -4.795        -5.280       -15.572
07.002_100       -24.142        23.228        -6.571        -3.805        -4.484       -15.774
07.002_105       -21.322        17.989        -5.511        -2.989        -3.815       -15.647
07.002_110       -18.949        13.930        -4.693        -2.330        -3.255       -15.298
07.002_125       -13.811         6.457        -3.087        -1.076        -2.049       -13.566
07.002_150        -9.078         1.798        -1.703        -0.289        -0.977       -10.249
07.002_200        -5.034         0.145        -0.614        -0.022        -0.243        -5.769
08.001_080       -64.889        96.848       -22.102       -12.695       -12.174       -15.011
08.001_085       -55.064        75.878       -18.173       -10.479       -10.605       -18.443
08.001_090       -47.039        59.539       -15.456        -8.453        -9.289       -20.697
08.001_095       -40.496        46.813       -13.506        -6.709        -8.174       -22.072
08.001_100       -35.159        36.896       -12.048        -5.261        -7.187       -22.760
08.001_105       -30.795        29.162       -10.910        -4.086        -6.305       -22.934
08.001_110       -27.210        23.126        -9.985        -3.149        -5.553       -22.770
08.001_125       -19.737        11.812        -7.933        -1.379        -3.817       -21.054
08.001_150       -13.230         4.177        -5.632        -0.279        -2.082       -17.046
08.001_200        -7.873         0.665        -2.889         0.043        -0.667       -10.723
08.002_080       -49.456        71.298       -11.908        -7.223       -10.256        -7.545
08.002_085       -40.676        53.352        -9.839        -5.570        -8.736       -11.470
08.002_090       -33.854        40.022        -8.442        -4.209        -7.457       -13.940
08.002_095       -28.536        30.128        -7.446        -3.133        -6.377       -15.364
08.002_100       -24.368        22.778        -6.692        -2.305        -5.460       -16.046
08.002_105       -21.077        17.308        -6.090        -1.679        -4.673       -16.210
08.002_110       -18.460        13.220        -5.582        -1.212        -4.002       -16.036
08.002_125       -13.244         6.103        -4.388        -0.428        -2.530       -14.487
08.002_150        -8.932         1.900        -2.980        -0.045        -1.219       -11.277
08.002_200        -5.406         0.251        -1.395         0.019        -0.322        -6.852
08.003_080       -52.760        85.382       -21.882       -14.973       -11.669       -15.901
08.003_085       -45.469        65.998       -17.348       -12.368        -9.984       -19.171
08.003_090       -39.429        50.955       -14.198       -10.015        -8.575       -21.262
08.003_095       -34.456        39.308       -11.945        -8.002        -7.427       -22.523
08.003_100       -30.367        30.310       -10.280        -6.339        -6.450       -23.126
08.003_105       -26.997        23.375        -9.010        -4.994        -5.623       -23.249
08.003_110       -24.212        18.046        -8.009        -3.921        -4.918       -23.014
08.003_125       -18.314         8.359        -5.935        -1.889        -3.335       -21.114
08.003_150       -12.938         2.411        -3.919        -0.575        -1.802       -16.824
08.003_200        -8.038         0.236        -1.925        -0.067        -0.580       -10.375
08.004_080       -47.976        77.664       -18.906       -13.294       -11.255       -13.767
08.004_085       -41.094        59.461       -14.958       -10.835        -9.610       -17.036
08.004_090       -35.459        45.463       -12.229        -8.668        -8.267       -19.160
08.004_095       -30.864        34.725       -10.281        -6.852        -7.152       -20.423
08.004_100       -27.121        26.510        -8.843        -5.374        -6.216       -21.043
08.004_105       -24.062        20.243        -7.743        -4.196        -5.415       -21.174
08.004_110       -21.552        15.466        -6.873        -3.268        -4.727       -20.954
08.004_125       -16.281         6.955        -5.064        -1.545        -3.191       -19.126
08.004_150       -11.528         1.906        -3.310        -0.467        -1.709       -15.108
08.004_200        -7.194         0.168        -1.609        -0.059        -0.552        -9.245
08.005_080       -48.495        76.253       -17.953       -12.904       -10.198       -13.297
08.005_085       -41.782        58.915       -14.266       -10.483        -8.714       -16.331
08.005_090       -36.293        45.561       -11.716        -8.381        -7.507       -18.336
08.005_095       -31.812        35.288        -9.897        -6.633        -6.492       -19.546
08.005_100       -28.148        27.393        -8.558        -5.218        -5.645       -20.176
08.005_105       -25.140        21.333        -7.540        -4.090        -4.926       -20.364
08.005_110       -22.655        16.653        -6.738        -3.202        -4.310       -20.252
08.005_125       -17.335         8.104        -5.081        -1.541        -2.920       -18.774
08.005_150       -12.361         2.605        -3.440        -0.477        -1.590       -15.263
08.005_200        -7.633         0.322        -1.711        -0.058        -0.517        -9.596
08.006_080       -29.956        50.668        -9.240        -6.751        -7.796        -3.075
08.006_085       -24.415        37.908        -7.185        -5.180        -6.637        -5.509
08.006_090       -20.060        28.349        -5.791        -3.904        -5.666        -7.073
08.006_095       -16.639        21.198        -4.804        -2.908        -4.857        -8.010
08.006_100       -13.947        15.858        -4.074        -2.147        -4.177        -8.487
08.006_105       -11.820        11.873        -3.512        -1.576        -3.596        -8.632
08.006_110       -10.132         8.897        -3.063        -1.152        -3.104        -8.553
08.006_125        -6.807         3.772        -2.121        -0.442        -2.010        -7.609
08.006_150        -4.193         0.927        -1.241        -0.085        -0.993        -5.586
08.006_200        -2.297         0.063        -0.505        -0.001        -0.272        -3.011
08.007_080       -28.114        43.018        -6.445        -4.546        -7.592        -3.678
08.007_085       -22.778        31.574        -5.196        -3.415        -6.426        -6.241
08.007_090       -18.687        23.179        -4.363        -2.522        -5.466        -7.859
08.007_095       -15.543        17.025        -3.773        -1.840        -4.651        -8.782
08.007_100       -13.113        12.517        -3.329        -1.332        -3.959        -9.215
08.007_105       -11.222         9.215        -2.975        -0.958        -3.375        -9.315
08.007_110        -9.739         6.793        -2.680        -0.685        -2.879        -9.190
08.007_125        -6.860         2.747        -2.006        -0.243        -1.800        -8.163
08.007_150        -4.585         0.629        -1.273        -0.036        -0.844        -6.109
08.007_200        -2.765         0.037        -0.547         0.004        -0.213        -3.485
08.008_080       -45.195        77.121       -17.645       -11.399       -11.890        -9.008
08.008_085       -37.701        58.651       -14.360        -9.029       -10.188       -12.627
08.008_090       -31.696        44.598       -12.069        -7.037        -8.767       -14.970
08.008_095       -26.892        33.919       -10.404        -5.425        -7.583       -16.387
08.008_100       -23.044        25.813        -9.143        -4.155        -6.578       -17.107
08.008_105       -19.950        19.665        -8.150        -3.168        -5.725       -17.328
08.008_110       -17.449        15.000        -7.339        -2.411        -4.991       -17.190
08.008_125       -12.367         6.706        -5.558        -1.061        -3.349       -15.629
08.008_150        -8.110         1.799        -3.710        -0.281        -1.771       -12.073
08.008_200        -4.693         0.144        -1.839        -0.025        -0.563        -6.976
08.009_080       -43.604        68.777       -15.925       -10.595        -9.418       -10.765
08.009_085       -37.203        53.233       -12.931        -8.510        -8.121       -13.533
08.009_090       -32.012        41.308       -10.882        -6.730        -7.034       -15.350
08.009_095       -27.802        32.151        -9.427        -5.270        -6.131       -16.479
08.009_100       -24.378        25.111        -8.353        -4.104        -5.361       -17.084
08.009_105       -21.576        19.685        -7.526        -3.185        -4.710       -17.312
08.009_110       -19.267        15.488        -6.863        -2.469        -4.144       -17.255
08.009_125       -14.381         7.695        -5.424        -1.153        -2.865       -16.128
08.009_150        -9.921         2.527        -3.851        -0.336        -1.596       -13.178
08.009_200        -5.889         0.311        -2.028        -0.033        -0.538        -8.176
08.010_080       -34.906        58.654       -11.676        -7.190       -10.866        -5.983
08.010_085       -28.424        44.077        -9.610        -5.583        -9.349        -8.889
08.010_090       -23.359        33.130        -8.195        -4.256        -8.051       -10.731
08.010_095       -19.402        24.916        -7.171        -3.205        -6.951       -11.813
08.010_100       -16.304        18.755        -6.388        -2.394        -6.017       -12.347
08.010_105       -13.869        14.135        -5.758        -1.778        -5.224       -12.494
08.010_110       -11.943        10.668        -5.232        -1.315        -4.531       -12.353
08.010_125        -8.179         4.631        -4.014        -0.524        -2.982       -11.069
08.010_150        -5.234         1.192        -2.657        -0.108        -1.515        -8.322
08.010_200        -3.025         0.090        -1.241        -0.000        -0.435        -4.611
08.011_080       -67.554       120.994       -35.525       -20.035       -12.221       -14.340
08.011_085       -58.011        97.413       -28.058       -17.564       -10.587       -16.808
08.011_090       -49.807        78.454       -22.771       -14.939        -9.266       -18.329
08.011_095       -42.834        63.238       -18.951       -12.450        -8.153       -19.151
08.011_100       -36.947        51.034       -16.128       -10.229        -7.227       -19.497
08.011_105       -31.995        41.249       -13.985        -8.319        -6.423       -19.474
08.011_110       -27.836        33.398       -12.313        -6.715        -5.702       -19.168
08.011_125       -18.923        17.953        -8.951        -3.432        -4.081       -17.435
08.011_150       -11.088         6.689        -5.840        -1.065        -2.393       -13.696
08.011_200        -5.244         1.070        -2.769        -0.085        -0.867        -7.895
08.012_080       -31.221        53.208       -10.330        -6.701        -9.118        -4.161
08.012_085       -25.286        39.594        -8.421        -5.117        -7.757        -6.988
08.012_090       -20.686        29.467        -7.105        -3.842        -6.613        -8.779
08.012_095       -17.118        21.942        -6.147        -2.853        -5.663        -9.839
08.012_100       -14.341        16.355        -5.414        -2.102        -4.857       -10.358
08.012_105       -12.168        12.206        -4.826        -1.539        -4.174       -10.502
08.012_110       -10.456         9.124        -4.338        -1.123        -3.592       -10.384
08.012_125        -7.125         3.850        -3.233        -0.427        -2.308        -9.243
08.012_150        -4.522         0.949        -2.064        -0.077        -1.132        -6.847
08.012_200        -2.562         0.067        -0.924         0.003        -0.309        -3.725
08.013_080       -29.028        46.675        -8.060        -5.400        -8.952        -4.765
08.013_085       -23.575        34.604        -6.596        -4.101        -7.661        -7.330
08.013_090       -19.370        25.659        -5.611        -3.062        -6.574        -8.958
08.013_095       -16.122        19.038        -4.906        -2.261        -5.654        -9.905
08.013_100       -13.604        14.139        -4.369        -1.656        -4.875       -10.365
08.013_105       -11.639        10.514        -3.937        -1.207        -4.207       -10.477
08.013_110       -10.095         7.830        -3.574        -0.877        -3.629       -10.345
08.013_125        -7.097         3.263        -2.729        -0.331        -2.350        -9.244
08.013_150        -4.739         0.783        -1.785        -0.061        -1.162        -6.964
08.013_200        -2.871         0.051        -0.811         0.001        -0.321        -3.952
08.014_080       -25.191        41.088        -6.847        -4.610        -8.155        -3.714
08.014_085       -20.304        30.071        -5.634        -3.436        -6.942        -6.245
08.014_090       -16.583        21.995        -4.813        -2.521        -5.920        -7.842
08.014_095       -13.743        16.088        -4.220        -1.829        -5.059        -8.762
08.014_100       -11.565        11.771        -3.761        -1.317        -4.331        -9.203
08.014_105        -9.884         8.615        -3.388        -0.943        -3.709        -9.309
08.014_110        -8.576         6.306        -3.070        -0.673        -3.178        -9.191
08.014_125        -6.071         2.478        -2.328        -0.239        -2.009        -8.168
08.014_150        -4.124         0.527        -1.507        -0.038        -0.954        -6.096
08.014_200        -2.539         0.025        -0.680         0.002        -0.247        -3.438
08.015_080       -30.171        47.594        -7.887        -5.520        -8.340        -4.325
08.015_085       -24.751        35.803        -6.479        -4.207        -7.159        -6.793
08.015_090       -20.545        27.013        -5.539        -3.157        -6.169        -8.397
08.015_095       -17.266        20.450        -4.875        -2.346        -5.323        -9.360
08.015_100       -14.696        15.537        -4.375        -1.731        -4.604        -9.869
08.015_105       -12.667        11.846        -3.976        -1.272        -3.987       -10.055
08.015_110       -11.052         9.064        -3.642        -0.931        -3.458       -10.019
08.015_125        -7.837         4.134        -2.853        -0.360        -2.268        -9.183
08.015_150        -5.195         1.180        -1.917        -0.068        -1.144        -7.143
08.015_200        -3.059         0.112        -0.883         0.002        -0.318        -4.145
09.001_080       -47.068        77.058       -21.274       -13.263       -10.200       -14.746
09.001_085       -40.843        59.355       -16.668       -11.006        -8.503       -17.665
09.001_090       -35.602        45.609       -13.460        -8.912        -7.098       -19.464
09.001_095       -31.224        34.970       -11.162        -7.099        -6.012       -20.527
09.001_100       -27.579        26.767        -9.465        -5.592        -5.134       -21.003
09.001_105       -24.547        20.457        -8.171        -4.371        -4.391       -21.024
09.001_110       -22.017        15.618        -7.151        -3.400        -3.782       -20.732
09.001_125       -16.560         6.956        -5.068        -1.580        -2.460       -18.713
09.001_150       -11.490         1.825        -3.133        -0.448        -1.257       -14.503
09.001_200        -6.892         0.137        -1.413        -0.046        -0.365        -8.578
09.002_080       -25.360        42.656        -8.983        -5.333        -6.546        -3.567
09.002_085       -20.730        31.489        -7.084        -4.048        -5.388        -5.761
09.002_090       -17.109        23.208        -5.781        -3.009        -4.475        -7.166
09.002_095       -14.278        17.087        -4.843        -2.204        -3.742        -7.980
09.002_100       -12.059        12.572        -4.136        -1.597        -3.134        -8.353
09.002_105       -10.310         9.247        -3.582        -1.147        -2.632        -8.424
09.002_110        -8.922         6.803        -3.133        -0.819        -2.222        -8.293
09.002_125        -6.186         2.709        -2.172        -0.287        -1.351        -7.286
09.002_150        -3.985         0.589        -1.259        -0.041        -0.607        -5.304
09.002_200        -2.269         0.031        -0.497         0.004        -0.141        -2.873
09.003_080       -41.043        69.255       -19.130       -10.115       -10.124       -11.158
09.003_085       -34.979        53.196       -15.342        -8.249        -8.502       -13.875
09.003_090       -29.975        40.826       -12.701        -6.570        -7.187       -15.607
09.003_095       -25.864        31.313       -10.797        -5.151        -6.138       -16.638
09.003_100       -22.493        24.011        -9.373        -3.998        -5.295       -17.147
09.003_105       -19.722        18.417        -8.268        -3.081        -4.560       -17.215
09.003_110       -17.437        14.132        -7.381        -2.365        -3.958       -17.008
09.003_125       -12.628         6.409        -5.489        -1.059        -2.620       -15.388
09.003_150        -8.362         1.738        -3.602        -0.283        -1.371       -11.879
09.003_200        -4.757         0.137        -1.761        -0.024        -0.418        -6.822
09.004_080       -30.790        52.996       -12.120        -6.835        -8.520        -5.269
09.004_085       -25.232        39.722        -9.668        -5.377        -7.130        -7.686
09.004_090       -20.834        29.732        -7.999        -4.126        -6.022        -9.249
09.004_095       -17.362        22.230        -6.807        -3.113        -5.115       -10.168
09.004_100       -14.621        16.611        -5.914        -2.321        -4.353       -10.597
09.004_105       -12.448        12.409        -5.213        -1.715        -3.722       -10.690
09.004_110       -10.718         9.271        -4.641        -1.260        -3.190       -10.538
09.004_125        -7.301         3.871        -3.386        -0.486        -2.043        -9.346
09.004_150        -4.589         0.909        -2.110        -0.092        -1.002        -6.885
09.004_200        -2.559         0.054        -0.927         0.000        -0.270        -3.701
09.005_080       -27.443        46.510       -10.105        -5.769        -7.575        -4.382
09.005_085       -22.413        34.543        -8.053        -4.446        -6.314        -6.683
09.005_090       -18.471        25.619        -6.651        -3.349        -5.295        -8.147
09.005_095       -15.385        18.982        -5.646        -2.484        -4.459        -8.992
09.005_100       -12.963        14.057        -4.888        -1.822        -3.777        -9.393
09.005_105       -11.056        10.409        -4.291        -1.325        -3.208        -9.471
09.005_110        -9.543         7.708        -3.802        -0.958        -2.732        -9.328
09.005_125        -6.573         3.134        -2.732        -0.351        -1.710        -8.233
09.005_150        -4.216         0.706        -1.664        -0.059        -0.806        -6.039
09.005_200        -2.414         0.039        -0.706         0.002        -0.204        -3.283
09.006_080       -49.992        75.720       -20.516       -10.666       -11.287       -16.742
09.006_085       -43.450        58.517       -16.260        -8.862        -9.490       -19.546
09.006_090       -37.991        45.175       -13.299        -7.174        -8.048       -21.336
09.006_095       -33.458        34.848       -11.173        -5.710        -6.901       -22.395
09.006_100       -29.699        26.868        -9.597        -4.495        -5.939       -22.861
09.006_105       -26.578        20.715        -8.385        -3.514        -5.141       -22.903
09.006_110       -23.976        15.975        -7.424        -2.735        -4.476       -22.636
09.006_125       -18.387         7.343        -5.412        -1.280        -2.965       -20.701
09.006_150       -13.204         2.035        -3.461        -0.374        -1.555       -16.559
09.006_200        -8.446         0.167        -1.613        -0.043        -0.470       -10.405
10.001_080       -25.574        41.921        -8.705        -5.051        -6.814        -4.224
10.001_085       -21.042        31.390        -6.816        -3.995        -5.602        -6.064
10.001_090       -17.453        23.487        -5.529        -3.077        -4.616        -7.188
10.001_095       -14.613        17.561        -4.615        -2.327        -3.858        -7.851
10.001_100       -12.359        13.123        -3.936        -1.737        -3.221        -8.129
10.001_105       -10.566         9.802        -3.409        -1.283        -2.699        -8.154
10.001_110        -9.131         7.319        -2.984        -0.941        -2.271        -8.007
10.001_125        -6.261         3.047        -2.071        -0.359        -1.369        -7.013
10.001_150        -3.929         0.711        -1.187        -0.065        -0.618        -5.089
10.001_200        -2.155         0.041        -0.450         0.001        -0.136        -2.700
10.002_080       -41.135        67.422       -18.829        -9.192       -10.292       -12.026
10.002_085       -35.241        52.409       -14.981        -7.843        -8.585       -14.242
10.002_090       -30.327        40.721       -12.299        -6.483        -7.223       -15.611
10.002_095       -26.248        31.637       -10.376        -5.247        -6.113       -16.346
10.002_100       -22.867        24.582        -8.953        -4.185        -5.228       -16.650
10.002_105       -20.061        19.104        -7.863        -3.304        -4.502       -16.625
10.002_110       -17.725        14.847        -6.998        -2.590        -3.889       -16.355
10.002_125       -12.751         6.974        -5.180        -1.220        -2.552       -14.729
10.002_150        -8.285         1.991        -3.366        -0.343        -1.319       -11.322
10.002_200        -4.560         0.168        -1.587        -0.031        -0.390        -6.400
10.003_080       -31.751        52.773       -12.495        -5.980        -8.809        -6.260
10.003_085       -26.170        40.103        -9.840        -4.990        -7.332        -8.229
10.003_090       -21.703        30.452        -8.036        -4.014        -6.176        -9.477
10.003_095       -18.136        23.113        -6.764        -3.151        -5.220       -10.159
10.003_100       -15.286        17.537        -5.829        -2.432        -4.436       -10.445
10.003_105       -13.004        13.302        -5.109        -1.854        -3.763       -10.427
10.003_110       -11.170        10.087        -4.530        -1.401        -3.227       -10.242
10.003_125        -7.499         4.395        -3.282        -0.583        -2.058        -9.027
10.003_150        -4.551         1.104        -2.013        -0.127        -0.997        -6.585
10.003_200        -2.405         0.073        -0.847        -0.004        -0.260        -3.442
10.004_080       -28.087        46.223       -10.233        -5.223        -7.788        -5.108
10.004_085       -23.067        34.816        -8.064        -4.236        -6.450        -7.000
10.004_090       -19.085        26.206        -6.589        -3.328        -5.375        -8.171
10.004_095       -15.929        19.716        -5.545        -2.560        -4.522        -8.839
10.004_100       -13.424        14.828        -4.772        -1.939        -3.819        -9.126
10.004_105       -11.431        11.146        -4.171        -1.453        -3.228        -9.137
10.004_110        -9.837         8.376        -3.686        -1.079        -2.742        -8.968
10.004_125        -6.665         3.555        -2.632        -0.428        -1.706        -7.875
10.004_150        -4.124         0.856        -1.574        -0.085        -0.799        -5.726
10.004_200        -2.243         0.053        -0.638        -0.001        -0.193        -3.022
10.005_080       -51.063        75.219       -20.965        -9.604       -11.788       -18.202
10.005_085       -44.599        58.893       -16.438        -8.448        -9.853       -20.444
10.005_090       -39.141        46.087       -13.284        -7.159        -8.296       -21.792
10.005_095       -34.555        36.057       -11.035        -5.921        -7.051       -22.505
10.005_100       -30.708        28.210        -9.388        -4.817        -6.036       -22.740
10.005_105       -27.480        22.073        -8.145        -3.875        -5.197       -22.623
10.005_110       -24.761        17.273        -7.176        -3.092        -4.507       -22.263
10.005_125       -18.839         8.280        -5.203        -1.534        -2.980       -20.277
10.005_150       -13.274         2.444        -3.313        -0.473        -1.548       -16.164
10.005_200        -8.233         0.221        -1.498        -0.055        -0.458       -10.024
11.001_080       -54.609       107.611       -31.526       -23.269       -12.035       -13.827
11.001_085       -47.069        85.725       -24.721       -19.737       -10.056       -15.858
11.001_090       -40.640        68.298       -19.965       -16.385        -8.497       -17.189
11.001_095       -35.221        54.452       -16.576       -13.406        -7.239       -17.990
11.001_100       -30.682        43.463       -14.105       -10.859        -6.200       -18.384
11.001_105       -26.891        34.749       -12.258        -8.735        -5.353       -18.488
11.001_110       -23.724        27.841       -10.838        -6.992        -4.654       -18.367
11.001_125       -16.969        14.574        -8.045        -3.534        -3.118       -17.092
11.001_150       -10.943         5.328        -5.509        -1.125        -1.708       -13.956
11.001_200        -5.959         0.928        -2.970        -0.119        -0.592        -8.712
11.002_080       -36.975        70.389       -14.022        -8.545       -11.082        -0.233
11.002_085       -28.768        51.952       -11.696        -6.416        -9.245        -4.173
11.002_090       -22.623        38.537       -10.087        -4.744        -7.755        -6.672
11.002_095       -18.000        28.758        -8.903        -3.472        -6.580        -8.198
11.002_100       -14.499        21.600        -7.982        -2.524        -5.534        -8.938
11.002_105       -11.826        16.332        -7.231        -1.825        -4.703        -9.253
11.002_110        -9.764        12.434        -6.597        -1.315        -4.011        -9.253
11.002_125        -5.901         5.736        -5.117        -0.480        -2.499        -8.262
11.002_150        -3.095         1.802        -3.448        -0.077        -1.210        -6.028
11.002_200        -1.311         0.254        -1.654         0.009        -0.332        -3.033
11.003_080       -47.926        93.464       -25.587       -16.460       -10.305        -6.813
11.003_085       -39.499        73.613       -20.551       -13.721        -8.770        -8.928
11.003_090       -32.620        58.045       -17.065       -11.175        -7.510       -10.325
11.003_095       -27.034        45.844       -14.577        -8.957        -6.500       -11.225
11.003_100       -22.512        36.280       -12.737        -7.096        -5.647       -11.711
11.003_105       -18.852        28.776       -11.322        -5.574        -4.938       -11.910
11.003_110       -15.885        22.882       -10.193        -4.351        -4.327       -11.875
11.003_125        -9.893        11.702        -7.787        -2.014        -2.983       -10.975
11.003_150        -5.162         4.033        -5.271        -0.522        -1.654        -8.575
11.003_200        -2.118         0.554        -2.562        -0.016        -0.553        -4.694
11.004_080       -26.424        50.788        -9.774        -5.891        -8.712        -0.013
11.004_085       -20.493        37.044        -8.367        -4.332        -7.282        -3.431
11.004_090       -16.086        27.114        -7.373        -3.146        -6.129        -5.620
11.004_095       -12.793        19.922        -6.619        -2.266        -5.191        -6.947
11.004_100       -10.317        14.694        -6.007        -1.622        -4.412        -7.664
11.004_105        -8.439        10.878        -5.487        -1.156        -3.754        -7.958
11.004_110        -7.001         8.081        -5.029        -0.821        -3.197        -7.967
11.004_125        -4.333         3.385        -3.902        -0.288        -2.009        -7.147
11.004_150        -2.418         0.846        -2.583        -0.042        -0.965        -5.162
11.004_200        -1.159         0.065        -1.205         0.006        -0.256        -2.550
11.005_080       -40.580        81.258       -20.174       -14.264        -9.651        -3.412
11.005_085       -33.058        63.371       -16.050       -11.646        -8.181        -5.564
11.005_090       -26.994        49.481       -13.215        -9.310        -6.975        -7.011
11.005_095       -22.127        38.699       -11.197        -7.333        -5.987        -7.946
11.005_100       -18.230        30.325        -9.705        -5.715        -5.168        -8.494
11.005_105       -15.109        23.816        -8.556        -4.419        -4.480        -8.748
11.005_110       -12.602        18.752        -7.639        -3.395        -3.882        -8.767
11.005_125        -7.632         9.313        -5.681        -1.499        -2.596        -8.095
11.005_150        -3.824         3.061        -3.664        -0.353        -1.369        -6.150
11.005_200        -1.464         0.390        -1.626        -0.002        -0.412        -3.114
11.006_080       -17.571        35.557        -6.467        -4.875        -6.163         0.481
11.006_085       -13.438        25.706        -5.320        -3.575        -5.146        -1.773
11.006_090       -10.375        18.577        -4.548        -2.576        -4.316        -3.239
11.006_095        -8.103        13.427        -3.988        -1.833        -3.642        -4.138
11.006_100        -6.411         9.712        -3.552        -1.291        -3.073        -4.614
11.006_105        -5.144         7.030        -3.192        -0.902        -2.604        -4.813
11.006_110        -4.191         5.092        -2.885        -0.625        -2.207        -4.816
11.006_125        -2.479         1.946        -2.161        -0.198        -1.345        -4.238
11.006_150        -1.335         0.403        -1.371        -0.019        -0.617        -2.938
11.006_200        -0.627         0.021        -0.607         0.006        -0.152        -1.360
11.007_080       -32.993        60.220       -13.360       -11.168        -7.947        -5.247
11.007_085       -27.438        45.519       -10.456        -8.749        -6.612        -7.736
11.007_090       -22.996        34.385        -8.486        -6.748        -5.546        -9.391
11.007_095       -19.452        25.974        -7.097        -5.150        -4.682       -10.407
11.007_100       -16.618        19.630        -6.077        -3.903        -3.976       -10.944
11.007_105       -14.343        14.848        -5.298        -2.944        -3.392       -11.129
11.007_110       -12.505        11.242        -4.679        -2.215        -2.907       -11.064
11.007_125        -8.761         4.916        -3.384        -0.937        -1.862       -10.028
11.007_150        -5.585         1.279        -2.132        -0.226        -0.919        -7.584
11.007_200        -2.990         0.100        -0.975        -0.014        -0.259        -4.137
11.008_080       -24.532        44.138        -8.692        -7.277        -6.753        -3.117
11.008_085       -20.066        32.501        -6.891        -5.487        -5.637        -5.581
11.008_090       -16.616        23.919        -5.679        -4.082        -4.725        -7.184
11.008_095       -13.945        17.602        -4.822        -3.010        -3.991        -8.166
11.008_100       -11.865        12.958        -4.185        -2.207        -3.385        -8.683
11.008_105       -10.233         9.544        -3.688        -1.613        -2.878        -8.869
11.008_110        -8.940         7.032        -3.286        -1.177        -2.456        -8.827
11.008_125        -6.370         2.824        -2.414        -0.458        -1.539        -7.957
11.008_150        -4.218         0.628        -1.539        -0.098        -0.734        -5.960
11.008_200        -2.358         0.034        -0.711        -0.005        -0.196        -3.236
11.009_080       -11.132        24.681        -4.998        -3.141        -5.017         0.393
11.009_085        -8.157        17.562        -4.243        -2.208        -4.159        -1.205
11.009_090        -6.017        12.512        -3.698        -1.529        -3.463        -2.196
11.009_095        -4.475         8.930        -3.276        -1.046        -2.894        -2.761
11.009_100        -3.363         6.385        -2.927        -0.706        -2.430        -3.041
11.009_105        -2.555         4.576        -2.630        -0.471        -2.046        -3.126
11.009_110        -1.965         3.287        -2.370        -0.309        -1.715        -3.072
11.009_125        -0.974         1.236        -1.751        -0.074        -1.027        -2.590
11.009_150        -0.404         0.256        -1.081         0.008        -0.458        -1.679
11.009_200        -0.139         0.013        -0.453         0.007        -0.110        -0.682
11.010_080       -29.690        61.500       -13.665        -9.714        -8.019         0.412
11.010_085       -23.414        47.245       -10.991        -7.614        -6.792        -1.565
11.010_090       -18.505        36.369        -9.142        -5.863        -5.773        -2.913
11.010_095       -14.676        28.064        -7.806        -4.458        -4.936        -3.810
11.010_100       -11.690        21.718        -6.796        -3.357        -4.236        -4.360
11.010_105        -9.356        16.862        -6.001        -2.509        -3.647        -4.651
11.010_110        -7.528        13.137        -5.352        -1.863        -3.144        -4.751
11.010_125        -4.064         6.341        -3.922        -0.736        -2.052        -4.434
11.010_150        -1.646         1.995        -2.431        -0.132        -1.021        -3.234
11.010_200        -0.405         0.233        -0.997         0.010        -0.280        -1.439
11.011_080        -7.895        18.297        -3.499        -2.057        -4.479         0.367
11.011_085        -5.668        12.752        -3.025        -1.409        -3.704        -1.055
11.011_090        -4.109         8.898        -2.675        -0.952        -3.076        -1.914
11.011_095        -3.013         6.214        -2.392        -0.635        -2.557        -2.385
11.011_100        -2.240         4.345        -2.153        -0.419        -2.126        -2.592
11.011_105        -1.691         3.041        -1.943        -0.272        -1.773        -2.637
11.011_110        -1.298         2.130        -1.755        -0.173        -1.480        -2.577
11.011_125        -0.657         0.736        -1.300        -0.036        -0.867        -2.124
11.011_150        -0.296         0.127        -0.799         0.008        -0.373        -1.333
11.011_200        -0.111         0.004        -0.331         0.004        -0.085        -0.518
11.012_080        -9.983        22.768        -4.226        -2.602        -4.751         1.206
11.012_085        -7.424        16.529        -3.671        -1.835        -3.957        -0.358
11.012_090        -5.578        12.062        -3.264        -1.280        -3.310        -1.371
11.012_095        -4.238         8.843        -2.940        -0.885        -2.772        -1.992
11.012_100        -3.259         6.513        -2.665        -0.607        -2.331        -2.348
11.012_105        -2.537         4.820        -2.422        -0.412        -1.966        -2.516
11.012_110        -1.999         3.581        -2.203        -0.277        -1.657        -2.554
11.012_125        -1.050         1.494        -1.654        -0.074        -1.002        -2.287
11.012_150        -0.447         0.366        -1.023         0.003        -0.453        -1.554
11.012_200        -0.140         0.025        -0.418         0.006        -0.104        -0.631
11.013_080       -29.704        57.196       -11.595        -6.849       -10.018        -0.970
11.013_085       -22.673        40.903        -9.855        -4.995        -8.338        -4.959
11.013_090       -17.518        29.283        -8.628        -3.584        -6.980        -7.427
11.013_095       -13.722        20.996        -7.691        -2.543        -5.863        -8.824
11.013_100       -10.911        15.081        -6.928        -1.790        -4.948        -9.497
11.013_105        -8.815        10.852        -6.278        -1.252        -4.178        -9.671
11.013_110        -7.238         7.824        -5.707        -0.871        -3.540        -9.533
11.013_125        -4.398         2.967        -4.334        -0.283        -2.180        -8.228
11.013_150        -2.462         0.618        -2.799        -0.032        -1.012        -5.687
11.013_200        -1.205         0.032        -1.279         0.007        -0.261        -2.706
11.014_080       -26.832        52.232       -10.052        -6.090        -9.736        -0.478
11.014_085       -20.335        37.024        -8.524        -4.394        -8.102        -4.331
11.014_090       -15.610        26.268        -7.446        -3.122        -6.780        -6.689
11.014_095       -12.160        18.661        -6.622        -2.195        -5.694        -8.009
11.014_100        -9.624        13.279        -5.950        -1.532        -4.792        -8.620
11.014_105        -7.748         9.463        -5.379        -1.064        -4.047        -8.775
11.014_110        -6.345         6.754        -4.879        -0.736        -3.426        -8.632
11.014_125        -3.848         2.484        -3.684        -0.237        -2.101        -7.386
11.014_150        -2.166         0.489        -2.366        -0.030        -0.978        -5.051
11.014_200        -1.069         0.022        -1.080         0.004        -0.261        -2.383
11.015_080       -23.603        45.893        -7.679        -4.909        -8.977         0.726
11.015_085       -17.716        32.326        -6.405        -3.489        -7.403        -2.686
11.015_090       -13.461        22.795        -5.512        -2.441        -6.131        -4.751
11.015_095       -10.373        16.097        -4.834        -1.690        -5.090        -5.890
11.015_100        -8.117        11.385        -4.287        -1.161        -4.241        -6.420
11.015_105        -6.456         8.070        -3.827        -0.791        -3.538        -6.543
11.015_110        -5.220         5.732        -3.431        -0.536        -2.958        -6.413
11.015_125        -3.041         2.083        -2.505        -0.159        -1.749        -5.370
11.015_150        -1.607         0.409        -1.527        -0.013        -0.761        -3.499
11.015_200        -0.726         0.019        -0.634         0.004        -0.176        -1.513
12.001_080       -19.287        37.961        -8.589        -4.310        -8.394        -2.620
12.001_085       -14.943        27.473        -7.402        -3.272        -6.962        -5.107
12.001_090       -11.718        19.883        -6.555        -2.436        -5.795        -6.622
12.001_095        -9.317        14.392        -5.899        -1.790        -4.849        -7.463
12.001_100        -7.518        10.420        -5.359        -1.302        -4.073        -7.833
12.001_105        -6.161         7.547        -4.892        -0.941        -3.428        -7.874
12.001_110        -5.129         5.471        -4.477        -0.675        -2.899        -7.710
12.001_125        -3.239         2.090        -3.451        -0.242        -1.752        -6.594
12.001_150        -1.901         0.430        -2.258        -0.037        -0.788        -4.554
12.001_200        -0.974         0.020        -1.037         0.004        -0.188        -2.174
12.002_080       -15.424        31.689        -7.149        -4.145        -5.484        -0.513
12.002_085       -11.873        22.813        -5.900        -3.006        -4.465        -2.432
12.002_090        -9.228        16.405        -5.014        -2.140        -3.671        -3.649
12.002_095        -7.255        11.791        -4.345        -1.503        -3.044        -4.355
12.002_100        -5.778         8.473        -3.811        -1.043        -2.532        -4.691
12.002_105        -4.666         6.087        -3.370        -0.717        -2.113        -4.778
12.002_110        -3.823         4.374        -2.996        -0.488        -1.766        -4.698
12.002_125        -2.292         1.622        -2.144        -0.142        -1.051        -4.007
12.002_150        -1.240         0.316        -1.283        -0.007        -0.458        -2.672
12.002_200        -0.570         0.013        -0.532         0.005        -0.107        -1.189
12.003_080       -29.844        54.282       -12.412        -9.275        -7.560        -4.809
12.003_085       -24.877        40.736        -9.720        -7.220        -6.127        -7.209
12.003_090       -20.897        30.524        -7.880        -5.522        -5.042        -8.816
12.003_095       -17.711        22.851        -6.570        -4.172        -4.233        -9.834
12.003_100       -15.155        17.096        -5.598        -3.125        -3.522       -10.304
12.003_105       -13.095        12.784        -4.848        -2.328        -2.949       -10.435
12.003_110       -11.423         9.560        -4.249        -1.728        -2.491       -10.331
12.003_125        -7.991         3.999        -2.992        -0.699        -1.532        -9.214
12.003_150        -5.035         0.944        -1.801        -0.156        -0.714        -6.762
12.003_200        -2.603         0.057        -0.770        -0.008        -0.180        -3.504
13.001_080        -9.849        22.208        -4.686        -2.588        -4.540         0.544
13.001_085        -7.277        15.830        -3.895        -1.860        -3.634        -0.837
13.001_090        -5.406        11.275        -3.321        -1.310        -2.943        -1.705
13.001_095        -4.046         8.027        -2.875        -0.909        -2.397        -2.199
13.001_100        -3.055         5.712        -2.511        -0.622        -1.961        -2.436
13.001_105        -2.329         4.066        -2.205        -0.420        -1.604        -2.492
13.001_110        -1.793         2.893        -1.943        -0.280        -1.313        -2.436
13.001_125        -0.880         1.043        -1.344        -0.076        -0.744        -2.000
13.001_150        -0.345         0.194        -0.756        -0.002        -0.295        -1.203
13.001_200        -0.102         0.007        -0.283         0.003        -0.059        -0.433
